siren,feuillus,coniferes,mixtes,peupleraies,total,jeune_peup,tx_boisement,,
1,2.6,7.6,18.6,0,28.8,0,0.091081594,,
2,0,0,0,0,0,0,0,,
3,755.5,314.5,40.3,227.8,1393.1,55,0.121734039,,
4,193.9,47.1,207.9,0,448.9,0,0.188060327,,
200000172,1767.47662,3247.626384,2557.67442,0.1,7572.877424,0,0.569637941,,
200000438,3530.1,573.3,678.4,82.3,4959.3,95.2,0.151597501,,
200000545,642.5,15.8,30.8,1051.5,1911.7,171.1,0.182222858,,
200000628,1401.5,1373.4,1221.6,11.4,4034.2,26.3,0.268104818,,
200000800,16492.9,3824.6,3074.3,31.8,23964.9,541.3,0.699727582,,
200000925,5045.9,16.4,43.6,136.7,5478.3,235.7,0.268260078,,
200000933,28937.3,7708.9,5113.7,247.1,42823.2,816.2,0.493232099,,
200004802,15296.9,6684,8792.8,0,31175,401.3,0.763692573,,
200005932,23834.6,4624.5,2387.1,33,31311.5,432.3,0.750240204,,
200005957,7782,3607.7,4764,77.7,16699.2,467.8,0.507756581,,
200006682,15471,1584.7,1905.7,190.3,19425,273.3,0.347765528,,
200006682,15471,1584.7,1905.7,190.3,19425,273.3,0.347765528,,
200006716,3747.8,34.4,245.4,1481.3,5614.3,105.4,0.189857665,,
200006930,2197.9,8990,4456.8,0,15951.7,307,0.563720085,,
200006971,4377.1,134.1,174.8,67.4,4836.4,83,0.152900152,,
200007052,2667.4,361.4,218,13,3270.8,11,0.11421069,,
200007177,2220.2,18.3,14,149.7,2440.1,37.9,0.095956617,,
200010650,14102.1,962.5,617.5,231.4,16425.2,511.7,0.38482282,,
200010700,11653.6,1660.8,452.2,92.3,14465,606.1,0.251487803,,
200011773,1372.7,555.3,582.1,0,2510.1,0,0.322892279,,
200011781,10047.1,342.8,355.2,135.8,11066.8,185.9,0.38093599,,
200012060,13400.8,2201.4,1595.1,7.2,17231.7,27.2,0.53036608,,
200013050,6588.9,2138.3,2141.3,22.1,10955,64.4,0.554335506,,
200015162,28143.4,168.6,538,5.6,28932.3,76.7,0.60987913,,
200016905,4212.1,4265.8,5451.5,0,14283.2,353.8,0.637873517,,
200017341,28258.7,4291.3,2552.1,0,35213.3,111.2,0.635490659,,
200017846,4926.6,583.4,826.8,80.6,6456.3,38.9,0.131805608,,
200018083,4372.5,86,12.4,152.3,4792.2,169,0.192791539,,
200018166,15370.7,16870.7,8098.6,354.2,40694.2,0,0.556623672,,
200018406,18032.8,2974.2,2267.2,277.1,24269.8,718.5,0.520922945,,
200018521,2852.5,10.9,31,59.6,2973.4,19.4,0.106141682,,
200022986,29421.8,5611.1,4040.6,3,39796.7,720.2,0.690006901,,
200023075,7217.6,5299.7,5055.4,1.6,17744.6,170.3,0.460466939,,
200023125,2384.2,3.9,1.2,0,2445,55.7,0.362399395,,
200023240,4299.4,1270.4,1605.5,21.7,7223.6,26.6,0.358025793,,
200023299,3344.5,3354.9,1202.3,0,7901.7,0,0.284270625,,
200023307,5746,253.3,182,343.2,6620.3,95.8,0.185954603,,
200023372,885.9,5817,1280.2,0,7983.1,0,0.228358687,,
200023414,18140.9,3225.5,1000,81.7,23527.9,1079.8,0.35464402,,
200023620,1986.1,121.5,132.5,36.9,2364.4,87.4,0.099324089,,
200023620,1986.1,121.5,132.5,36.9,2364.4,87.4,0.099324089,,
200023737,35433.8,1363.1,1655,56.4,38727.8,219.5,0.651590456,,
200023778,897,703,440.4,107.7,2212.6,64.5,0.075477233,,
200023794,3219.9,161.3,709.6,96.5,4584.6,397.3,0.217260057,,
200023919,5258.2,277,289,8.6,5836.1,3.3,0.18070603,,
200026573,10332.1,7959.9,8739.3,0,27073.9,42.6,0.71831397,,
200027027,2270.5,933.6,1476.5,17.4,4717.1,19.1,0.132606734,,
200027076,9417.5,256.2,382.3,95.5,10270.5,119,0.270289119,,
200027100,24855.8,3705.9,4050.6,0,32697.1,84.8,0.759138916,,
200027183,3587.7,1987.4,305.9,5.4,5959.6,73.2,0.092172826,,
200027217,10863.8,497.7,1130.6,102.6,12813.6,218.9,0.546935291,,
200027308,26561.2,2181.5,3433.3,38.4,33011,796.6,0.431391716,,
200029734,10111.3,2722.1,862.9,389.5,16032.4,1946.6,0.254946705,,
200029999,7230.7,655.5,560.8,1.4,8481.7,33.3,0.497189216,,
200030195,18164.4,48115.2,19718.8,0,86190.7,192.3,0.58898493,,
200030385,20648.7,879.6,354.2,828.3,22900.4,189.6,0.288645708,,
200030435,5972.4,140.1,320,167.4,6985.5,385.6,0.231097511,,
200030435,5972.4,140.1,320,167.4,6985.5,385.6,0.231097511,,
200030526,4176.6,6.8,136.2,82,4419.9,18.3,0.237968073,,
200030526,4176.6,6.8,136.2,82,4419.9,18.3,0.237968073,,
200030633,1337.8,249.7,39.9,304.8,1973.7,41.5,0.052860923,,
200030658,5973.1,25020.2,7359.1,0,38352.4,0,0.60296069,,
200030674,7914.6,395.1,389.6,2495.3,11733.3,538.7,0.174729305,,
200032514,4668.1,53.5,55.5,170.5,4956.5,8.9,0.17827277,,
200033025,15803.8,611.9,1840.6,53.5,18448.6,138.8,0.460463294,,
200033090,1606.7,0,3.3,121.3,1765.3,34,0.121927298,,
200033116,2615.5,5842.1,2063.8,0,10530.2,8.8,0.519773732,,
200033173,3722.3,80.3,46,17.5,3878.7,12.6,0.456812079,,
200033181,4355.6,14.6,62.9,147.4,4679.3,98.8,0.076167052,,
200033207,5881.7,569,456.9,264.1,7213.7,42,0.275872223,,
200033298,9391.5,882.5,373.3,376.7,11387.9,363.9,0.144305716,,
200033579,1235.8,74.8,11.9,87.1,1463,53.4,0.047701803,,
200033827,26704.3,13808.9,8949,0,49650.5,188.3,0.764172447,,
200033868,5091.7,3776,5333.1,0,14304.6,103.8,0.736477372,,
200034023,2416.7,47.5,45.3,14.3,2533,9.2,0.097184601,,
200034023,2416.7,47.5,45.3,14.3,2533,9.2,0.097184601,,
200034031,10189.9,1117.5,971.8,6,12439.4,154.2,0.364922348,,
200034049,7752,473.7,940.5,2.9,9279.4,110.3,0.276632026,,
200034056,5308,215.4,479.2,38,6067,26.4,0.15858287,,
200034064,11423.3,236.4,163.8,55.5,11954.9,75.9,0.477924539,,
200034098,5482.6,6160.3,3760,0,15402.9,0,0.439949615,,
200034130,2245.4,3.8,18.8,7.8,2350,74.2,0.245021374,,
200034197,6805.9,1506.1,1679.8,254,10489.6,243.8,0.395532462,,
200034205,13572.5,21,21.7,0,13617.2,2,0.735738754,,
200034270,3135.2,3114.8,2439.7,15.4,8868.1,163,0.464592752,,
200034379,20006.9,1454.8,2731.1,0,24531.8,339,0.545650685,,
200034411,20251.3,1426.7,3982.9,2.8,25851.1,187.4,0.571018667,,
200034601,25285.8,6928.1,3643,0,35916.8,59.9,0.75112878,,
200034635,293.4,0.6,1.2,3.4,298.6,0,0.021953945,,
200034692,22134.4,1605.4,6935.8,4.8,31155.9,475.5,0.495249525,,
200034700,22011.2,4090.1,16043,19.5,45243.4,3079.6,0.536411977,,
200034700,22011.2,4090.1,16043,19.5,45243.4,3079.6,0.536411977,,
200034718,1740.8,318.6,2378.4,1387.8,6971.2,1145.6,0.132466086,,
200034726,3685.6,66,61.9,72.9,3910.9,24.5,0.091284244,,
200034825,12705,1295.9,468.8,7.5,15163.7,686.5,0.337237154,,
200034833,27469.8,2796.7,2648.9,223,34165.4,1027,0.511585214,,
200034874,15577.7,320.4,774.4,40.6,16922.2,209.1,0.392971098,,
200034882,1879.3,8887.9,4145.5,0,14912.7,0,0.342693066,,
200034957,2463.5,75.7,83,52.3,2698.2,23.7,0.166276375,,
200035087,1445.7,2000.6,727.9,0,4217.6,43.4,0.162837298,,
200035103,2597.1,102.7,88.9,148.7,3034,96.6,0.108715905,,
200035111,4017.1,2121.7,723.3,100.1,7405.5,443.3,0.202360946,,
200035129,15002.1,2437.3,1431.9,64.7,19314.1,378.1,0.600092589,,
200035129,15002.1,2437.3,1431.9,64.7,19314.1,378.1,0.600092589,,
200035137,9285.2,249.4,342.9,63.2,10159.8,219.1,0.197538497,,
200035202,1977.6,3040.2,980.1,12.8,6037.1,26.4,0.215510656,,
200035319,8310.5,2810.6,11171.8,4.4,23784.3,1487,0.675456234,,
200035327,13573.1,1666.2,548.7,116,16027.9,123.9,0.641490631,,
200035442,1460.8,1.2,5.4,424.7,1937.4,45.3,0.045698246,,
200035459,6766,293.9,307.8,593.4,8148.5,187.4,0.168686446,,
200035533,2862.5,85.5,494.1,81.2,3543.7,20.4,0.148950658,,
200035541,11392.1,46016.5,2259.8,372.4,81013.2,20972.4,0.75763544,,
200035632,5632,113.1,78.5,107,6042.4,111.8,0.202296696,,
200035665,8018.1,1836.8,633.2,86.7,11214.1,639.3,0.392742695,,
200035707,7219.2,402.6,458.9,26.7,8150.6,43.2,0.16733871,,
200035715,22142,11078.9,6490.4,52.2,40141.2,377.7,0.372155722,,
200035723,14649.8,4005.9,7475.9,0,26257.5,125.9,0.649417299,,
200035723,14649.8,4005.9,7475.9,0,26257.5,125.9,0.649417299,,
200035731,7939.4,4591.8,2660.4,30.7,15392.6,170.3,0.221549896,,
200035756,8028.8,75.7,105.4,41.9,8292.8,41,0.215925157,,
200035764,4395.8,233,187.4,0,4900.2,84,0.122224495,,
200035772,6408.1,281.3,375,55.3,7166,46.3,0.204436786,,
200035814,5140.2,1536.8,750.3,177.8,8129.4,524.3,0.141977422,,
200035848,3340.9,298,304.2,312,4285.2,30.1,0.155213631,,
200035855,6420.2,1010.2,740.3,8.5,8242.4,63.2,0.165895464,,
200035863,24289.7,13863.4,4506.1,0.8,43131.4,471.4,0.523787665,,
200035970,4216.2,76.2,9.3,79.3,4445.9,64.9,0.183085425,,
200036069,4562.6,311.8,327.6,244.9,5669.9,223,0.139765623,,
200036077,22403.1,2987.5,5538.6,9.9,31724.9,785.8,0.732373915,,
200036135,9812.4,198.7,213.2,38.7,10351.2,88.2,0.270322077,,
200036150,15761.8,426.7,460.7,165.4,17346.6,532,0.35257962,,
200036465,4075.2,1843.7,2727.4,16.2,8783.4,120.9,0.557099637,,
200036473,8779.4,140.7,16.3,433.5,9645.4,275.5,0.202546372,,
200036499,7660.5,117.7,99.1,0,7886.9,9.6,0.433043975,,
200036523,9810,788.6,894.4,496.7,12140.7,151,0.179485966,,
200036549,16650.5,1092.5,650.9,510.7,19745.1,840.5,0.395264853,,
200036572,3205.4,125.3,90.3,68.1,3510.9,21.8,0.207085095,,
200037059,2771.8,30.3,33.1,281.7,3164.6,47.7,0.067883796,,
200037133,8206.1,39,33.8,496.9,8987.7,211.9,0.142877582,,
200038958,46745.9,2935.8,3501.3,0,53246.1,63.1,0.809842628,,
200038990,1951.6,553.7,348.4,91.7,3168.2,222.8,0.088995132,,
200039022,6802.1,1073.5,408.8,268.3,8718,165.3,0.099088337,,
200039055,13647.2,1056.4,1755.1,12.2,16578.7,107.8,0.51815886,,
200039063,19782.2,750.1,1797.4,2.6,22421.7,89.4,0.526335928,,
200039204,19922.1,617.5,685,320.1,21817.7,273,0.297249134,,
200039519,13002.1,338.9,182.1,67.2,13645.9,55.6,0.326485056,,
200039642,23307.2,1985.6,6301.5,94.5,31962.4,273.6,0.403645162,,
200039709,13686.5,1174.9,2168.1,38.3,17412.6,344.8,0.306416901,,
200039758,25679.1,4055.3,3185.1,62.2,33794.3,812.6,0.465542014,,
200039808,22087.5,571.4,854.5,3.7,23531.4,14.3,0.567214403,,
200039824,16592.2,1911,1109.3,0,19617.3,4.8,0.734906494,,
200039832,13435.7,6929,2258.2,3,22649.2,23.3,0.684296871,,
200039857,11190.2,15555.5,8326,0,35118.3,46.6,0.714713388,,
200039865,6798,132,374.7,70.2,7397.5,22.6,0.24171124,,
200039907,3395.9,218.1,78.7,98.6,3815.2,23.9,0.15414389,,
200039915,1604.8,1766.8,879.1,0,4296.2,45.5,0.440599746,,
200039931,9486.3,30253,15204.5,0,54998,54.2,0.62473164,,
200039949,2438.4,92.2,135.8,8.7,2684.3,9.2,0.212537016,,
200040038,7381.5,0,0,506.1,8238.1,350.5,0.258159438,,
200040095,8285.2,3308.7,3342.1,225,15862.1,701.1,0.551949837,,
200040111,5127.2,11881.3,7406.7,7.5,24422.7,0,0.686086788,,
200040111,5127.2,11881.3,7406.7,7.5,24422.7,0,0.686086788,,
200040137,6987.8,47.3,117.1,785.8,8103.3,165.3,0.184403119,,
200040178,2573.3,193,630.9,16.6,3718.6,304.8,0.311208563,,
200040202,35211,4526.2,9762.7,0,50920.9,1421,0.784013611,,
200040210,17630.8,13792.9,8456.4,2,40584.7,702.6,0.72738564,,
200040244,7444.5,632.8,339.3,301.9,8986.8,268.3,0.067784337,,
200040251,9394.2,85.1,60,923.2,10561.4,98.9,0.250152179,,
200040277,16663.8,718.7,577.5,131.9,18614.3,522.4,0.183806815,,
200040277,16663.8,718.7,577.5,131.9,18614.3,522.4,0.183806815,,
200040293,10216.1,2109.2,767.9,24.3,13534.1,416.6,0.300952394,,
200040350,23471.8,3979.3,4240,1017.5,32787.1,78.5,0.526366402,,
200040384,7154.2,2597.5,2169,106.8,12704.9,677.4,0.535091857,,
200040392,35219.3,7238.5,8298,113.6,53064.6,2195.2,0.520943429,,
200040400,15257.2,3144.4,3189,259.2,22862.7,1012.9,0.333413541,,
200040418,10955.7,235,145.9,117,11480.5,26.9,0.254079368,,
200040426,1316,2,13.6,714.1,2142,96.3,0.065342928,,
200040442,9759.5,2358.2,4337.1,2.6,16502.4,45,0.457417822,,
200040459,8569.5,577.1,2970.6,0.9,12245,126.9,0.330090387,,
200040475,3286.6,906.5,325.5,208,4946.1,219.5,0.106772559,,
200040491,9523,104.6,1255.6,197.9,11284.4,203.3,0.266924656,,
200040491,9523,104.6,1255.6,197.9,11284.4,203.3,0.266924656,,
200040509,3387,5944.4,7307.8,0,16715.3,76.1,0.706210655,,
200040558,11424.3,660.7,440.3,496.3,13224.3,202.7,0.243618605,,
200040566,5368,18641.1,1929.6,8.4,26020.3,73.2,0.450453305,,
200040574,4845.4,696,141.3,60.8,5758.4,14.9,0.233183639,,
200040590,2792.7,778,193.3,31.7,3795.7,0,0.220717447,,
200040590,2792.7,778,193.3,31.7,3795.7,0,0.220717447,,
200040624,28457.5,4200.1,7070.2,3,40136.4,405.6,0.626685716,,
200040624,28457.5,4200.1,7070.2,3,40136.4,405.6,0.626685716,,
200040657,12432.3,11663.3,7330.6,0,31426.2,0,0.438712433,,
200040681,10317.7,771.5,5040.6,3.8,16310.2,176.6,0.437164123,,
200040681,10317.7,771.5,5040.6,3.8,16310.2,176.6,0.437164123,,
200040715,21253.5,5113.8,3796.8,78.6,30242.7,0,0.557454738,,
200040764,27146,6304.8,10865.6,0,44341,24.6,0.754202535,,
200040772,6717.1,942.1,509,85.1,8349.3,96,0.215279139,,
200040798,2522.2,7415.9,1498.1,0,11436.2,0,0.265413733,,
200040814,7327.4,653.3,585.4,5.4,9475.6,904.1,0.288211015,,
200040830,17336.2,361.6,700.3,98.6,18825.3,328.6,0.576151826,,
200040889,4195.4,155.3,295.7,120.1,4786.4,19.9,0.165899512,,
200040905,10941.4,344.2,273.7,10,11619.7,50.4,0.235534619,,
200040947,3703.5,5.3,90.3,265.4,4137,72.5,0.066314762,,
200040954,1014.4,0,1.4,40.7,1104.6,48.1,0.025379801,,
200041010,10015.7,3025.2,3149.3,97,16287.2,0,0.493481231,,
200041051,10705.8,1044,1091.4,185.3,13528.3,501.8,0.52830476,,
200041150,24687.20568,980.8180378,2108.724757,83.4,28466.44313,606.2946583,0.482463181,,
200041168,25402.19432,2925.981962,3235.575243,76.8,32330.25687,689.7053417,0.611525723,,
200041283,2515.3,111.2,265.7,187.8,3274.4,194.4,0.219540322,,
200041317,4030.6,80.2,267,1960.2,6775.5,437.5,0.083080636,,
200041325,3664.9,76,424.9,152.1,4659.4,341.5,0.285900118,,
200041333,8135.1,502.1,501.2,244.4,9601.8,219,0.114373588,,
200041366,7528.8,933,1589.2,0,10056,5,0.49897783,,
200041416,2693.9,123.2,191.6,85.2,3164.2,70.3,0.138692498,,
200041440,19400.1,1865.3,2013.1,100.5,23916,537,0.620688581,,
200041465,10473.4,14419.4,9800.6,0,34702.7,9.3,0.677230246,,
200041499,2851.6,189.8,122.5,68.5,3287.8,55.4,0.074619278,,
200041515,8995.3,331.1,406.8,20.5,10232,478.3,0.380455193,,
200041523,25694,13557.8,7601.6,1063.2,51866.4,3949.8,0.289266611,,
200041556,4693.3,143.4,270.5,25.9,5338.6,205.5,0.154326912,,
200041572,21230.2,1615.8,3238.6,96.5,27653.8,1472.7,0.530602847,,
200041614,2146.8,12.7,27.6,164.6,2392.3,40.6,0.051386642,,
200041622,9889.4,1266.4,919.1,226.7,12571,269.4,0.289855407,,
200041630,17931.2,5440.8,2570.2,166.5,26848.6,739.9,0.471961229,,
200041689,16553.3,228.3,306.7,1389,19196,718.7,0.134813217,,
200041721,20143.62022,983.8026228,1878.057687,133.4,23849.6397,710.7591674,0.524506932,,
200041762,2616,7.2,39.2,49.5,2792.2,80.3,0.06555722,,
200041853,10287.3,437.4,1018.2,63.7,11971.8,165.2,0.501524876,,
200041861,15538.9,364.6,559.1,20.8,17112.5,629.1,0.462167739,,
200041879,13465.3,798,594.2,170.5,15622.1,594.1,0.425385164,,
200041887,8818.3,304.9,455.5,61.7,9857.3,216.9,0.324944866,,
200041887,8818.3,304.9,455.5,61.7,9857.3,216.9,0.324944866,,
200041960,2490,28.9,18.2,946.9,3621.6,137.6,0.116229288,,
200041994,3164.3,0,24.8,176.6,3412,46.3,0.098335048,,
200042000,3195.1,8767.3,4581.6,1.2,16881.7,336.5,0.631561423,,
200042174,13160.8,1773.2,3760,101.8,19175.2,379.4,0.261419873,,
200042182,4214.9,2023.3,689.4,98.8,7353.9,327.5,0.134387272,,
200042190,6908.6,413.3,208.3,1259,8923.7,134.5,0.242148366,,
200042372,4087.6,77.6,94.9,125,4434.9,49.8,0.109783448,,
200042414,4856.9,12.1,47,494.8,5537.9,127.1,0.195621227,,
200042463,12203.9,5754.5,1752.9,0,20476.4,765.1,0.678523025,,
200042497,1541.2,0,11.9,139.5,1701,8.4,0.094100075,,
200042604,1341.3,67.1,47.8,104.1,1628.9,68.6,0.056962313,,
200042620,1026.2,3234.7,5394,45.2,10492.3,792.2,0.21887412,,
200042646,28947.7,4125.5,2655.1,9.2,35846.1,108.6,0.780004047,,
200042653,4559.3,4737.8,2694.5,0,12059.4,67.8,0.383965613,,
200042703,15046.6,4869.5,2963.3,984.4,25332,1468.2,0.304589036,,
200042729,341,30.6,16.7,34.4,485.5,62.8,0.011083716,,
200042901,4757.3,480.2,1375.5,2.3,6698.2,82.9,0.231227561,,
200042935,8485.3,11835.1,12761.3,10.8,33108.9,16.4,0.656134997,,
200042943,23095.5,78.1,224.5,0,23455.3,57.2,0.761679147,,
200042992,4681.5,14.8,80.2,1229.3,6231.3,225.5,0.219034831,,
200043016,6987.9,9.4,24.1,72.1,7406.6,313.1,0.17531742,,
200043065,7410.8,193.9,155.6,149.1,8024.1,114.7,0.316978941,,
200043081,6203.6,2475,1356,1210.9,11743.8,498.3,0.367887026,,
200043123,5425,3265.3,4162.3,26.9,13196.6,317.1,0.248000451,,
200043156,3022.1,310.8,770.3,781,5041.3,157.1,0.061798889,,
200043172,26529.1,441.8,1593.5,160.5,29003.7,278.8,0.358918481,,
200043263,5387.2,238.5,739.5,322.4,6860.4,172.8,0.165768204,,
200043321,10836,36.8,82.6,1038.4,12397.4,403.6,0.264840027,,
200043354,1091.9,22.7,38.9,58.4,1264.4,52.5,0.04265195,,
200043396,3703.1,32.4,147,311.8,4301,106.7,0.124429349,,
200043404,7087.6,522.6,337.6,112.1,8239.1,179.2,0.458785533,,
200043438,1009.3,564.7,731,212.9,2894.6,376.7,0.058814087,,
200043495,9948.2,382.7,219.7,573.2,11268.7,144.9,0.365929852,,
200043602,9792.1,408.2,268.1,31.3,10510.6,10.9,0.357536236,,
200043628,7796.8,709.4,452.8,371.4,9608,277.6,0.254829102,,
200043693,6167.3,419,554.7,15.2,7193.5,37.3,0.294958217,,
200043776,34344.1,19980.7,17178.9,7,72014.7,504,0.761398022,,
200043974,9264.7,32600.6,2741.6,368.1,60384.7,15409.7,0.731012467,,
200043982,9196.5,23894.8,1476.1,571.5,43224.5,8085.6,0.711425402,,
200043990,5168.3,1348.6,1071.1,104.2,7874.5,182.3,0.156301794,,
200044014,13159.6,6444,6069.4,0,28678.8,3005.8,0.466819133,,
200044030,5124,26.8,32.2,480.9,5854.5,190.6,0.116718369,,
200044048,1529.2,14.1,0,495.2,2154.7,116.2,0.064739339,,
200044253,23201.8,1229.3,3499.9,95.9,29129.8,1102.9,0.417322214,,
200044394,6061,756.3,481.7,794.1,8382.7,289.6,0.257255617,,
200044469,12245.8,1216.3,1879,100.6,15497.3,55.6,0.459816872,,
200044618,2140.3,5,15.1,644.6,2870,65,0.121365895,,
200046977,7043.4,17.5,152.3,64.8,7278,0,0.136355461,,
200048551,1879.1,227.3,104,153.8,2448.2,84,0.037900121,,
200049187,8121.9,3681.8,2364.5,42.7,14411,200.1,0.478278185,,
200049211,28898.1,20532.1,5560.9,0,55059.2,68.1,0.660560057,,
200049484,9721.6,761.9,791.6,114,11497.3,108.2,0.133871663,,
200054781,7898.7,51.5,40.9,2.9,8160.4,166.4,0.124555073,,
200054781,7898.7,51.5,40.9,2.9,8160.4,166.4,0.124555073,,
200054781,7898.7,51.5,40.9,2.9,8160.4,166.4,0.124555073,,
200054781,7898.7,51.5,40.9,2.9,8160.4,166.4,0.124555073,,
200054781,7898.7,51.5,40.9,2.9,8160.4,166.4,0.124555073,,
200054781,7898.7,51.5,40.9,2.9,8160.4,166.4,0.124555073,,
200054807,31573.5,58478.5,34231.3,15.5,127938.3,3639.5,0.406665861,,
200054807,31573.5,58478.5,34231.3,15.5,127938.3,3639.5,0.406665861,,
200054807,31573.5,58478.5,34231.3,15.5,127938.3,3639.5,0.406665861,,
200055481,6284.8,377.5,171.5,67,7080.2,179.4,0.13764987,,
200055655,2792.3,35.6,31.5,266,3154.3,28.9,0.092124862,,
200055655,2792.3,35.6,31.5,266,3154.3,28.9,0.092124862,,
200055887,4943.3,299.9,182.1,248.3,5894.5,220.9,0.094111129,,
200056232,3442.8,0,49,9.7,3522.5,21,0.188536348,,
200056380,1964.1,23.1,0,1.3,2056.4,67.9,0.275011702,,
200057859,2390.1,168.1,46.4,30.4,2640.2,5.2,0.197852267,,
200057958,2923.3,10,9.5,6.2,3092.3,143.3,0.321474982,,
200058360,6572.8,265.8,89.5,50.7,7124.8,146,0.149264863,,
200058477,2132.4,52.9,274.3,12.1,2636.5,164.8,0.394419927,,
200058485,1580.7,0,0,9.6,1600.2,9.9,0.184337849,,
200058519,4911.3,71.8,32.9,14.1,5141.6,111.5,0.415731427,,
200058519,4911.3,71.8,32.9,14.1,5141.6,111.5,0.415731427,,
200058782,2649.6,9.9,36.6,0,2743.1,47,0.22849075,,
200059228,4796.1,113.7,199.9,30.4,5181.2,41.1,0.2333527,,
200059228,4796.1,113.7,199.9,30.4,5181.2,41.1,0.2333527,,
200059392,20564.5,1160.1,636.5,52.9,22594.9,180.9,0.317786413,,
200059400,7506.1,157.6,267.2,31.6,8392.7,430.2,0.246978503,,
200059889,12619.3,146,387,30.6,13263.3,80.4,0.260868796,,
200060010,7617.5,426.4,253.5,420.9,8916.8,198.5,0.067609239,,
200065563,1604.6,16.3,127,225.5,2020.8,47.4,0.09445065,,
200065589,1039.6,4.1,85.2,177.2,1334.4,28.3,0.079911848,,
200065597,1275.1,3.7,36.2,78.3,1407.3,14,0.039143314,,
200065647,17932.6,1477.6,1863.3,19.6,21779.6,486.5,0.484014774,,
200065787,4219.219158,1421.081556,150.0369278,66.8986967,6142.95731,285.7209718,0.257971597,,
200065886,13049.7,21837,13273.6,64.8,48725.6,500.5,0.367846428,,
200065894,5984.7,1399.6,3056.9,69.2,10552.6,42.2,0.171704533,,
200065928,13119.8,1123.5,1193.2,489.9,16142.6,216.2,0.175639255,,
200066009,14348.4,399,976.5,35.9,15949.7,189.9,0.363308148,,
200066017,2754.4,134.5,93.4,84.2,3128.9,62.4,0.085248698,,
200066025,7997,223.9,221.4,119,8852.8,291.5,0.269503114,,
200066033,6859.7,127.8,509.1,19,7692.7,177.1,0.33424723,,
200066041,10739.6,1018.4,4152.5,48,16019.3,60.8,0.36966023,,
200066058,6465.4,40.5,320.5,30,6869.4,13,0.254824278,,
200066108,27917.7,1140.8,1966.7,109.9,31954.6,819.5,0.422880707,,
200066116,15183.2,3228.9,1016.5,75.3,19748.4,244.5,0.399643833,,
200066124,25816.1,929.7,1186.6,247.7,28351.7,171.6,0.236013009,,
200066132,14509.3,1031.2,773.7,22.1,16422.6,86.3,0.371192601,,
200066140,18536.4,843.9,1393.7,39.3,21128.9,315.6,0.318204888,,
200066157,26278.3,961.9,2505.4,69.3,29994.2,179.3,0.421468709,,
200066165,13235.3,922.1,1043.1,27.8,15456,227.7,0.440834208,,
200066173,14058.9,811.3,578.5,80.6,15725.1,195.8,0.317520348,,
200066223,11018,663,465.1,16,12198.1,36,0.317354723,,
200066231,6322.2,245.7,113.1,36.9,6799.1,81.2,0.162426301,,
200066280,5299.8,788.3,965.4,89.1,7223.1,80.5,0.147048585,,
200066322,7107.2,132.4,120.3,639,8129.8,130.9,0.180639341,,
200066330,14738,869.9,1231.6,423.8,17400.6,137.3,0.264802964,,
200066348,43580.9,9698.1,5821.4,0,59672.6,572.2,0.76099324,,
200066355,2681,1659.7,913.4,0,5384.2,130.1,0.144357814,,
200066363,34923.7,15833.7,7121.4,0,57894,15.2,0.510906649,,
200066371,53972.4,2372.3,2240.5,156.9,59302.5,560.4,0.458651914,,
200066389,3119.730735,188.5,127.6451174,147.7655816,3753.448878,169.8074439,0.046334319,,
200066405,6797.580842,802.9184436,209.5630722,31.4013033,8063.34269,221.8790282,0.158109513,,
200066405,6797.580842,802.9184436,209.5630722,31.4013033,8063.34269,221.8790282,0.158109513,,
200066413,15452.8,1972.2,1069.1,86.3,19137.4,557,0.206380549,,
200066462,19338.7,1339.8,710.7,64,21965.9,512.7,0.226697972,,
200066462,19338.7,1339.8,710.7,64,21965.9,512.7,0.226697972,,
200066512,22545.7,2929.8,1113.9,0.9,29342.8,2752.5,0.474574517,,
200066520,14445.2,560,515.1,0,16747,1226.7,0.396735525,,
200066553,26610.9,15405.7,5351.2,2.5,49453.9,2083.6,0.630373044,,
200066553,26610.9,15405.7,5351.2,2.5,49453.9,2083.6,0.630373044,,
200066561,16667.7,5558.6,4408.7,45.2,27279.5,599.3,0.57390172,,
200066587,4224.2,664.4,648.9,1,5538.5,0,0.170120683,,
200066603,4834.3,183,321.9,13.6,5485.5,132.7,0.214616874,,
200066637,16089.8,7046.3,4309.6,0.8,28065.3,618.8,0.280175861,,
200066645,11866.7,10237.1,4680.1,0,29718.5,2934.6,0.575556218,,
200066652,7077.1,312.8,154.3,952.9,8693,195.9,0.184008433,,
200066660,16034.4,13412.8,8775.5,0,38681.9,459.2,0.280007181,,
200066678,30331.2,5939.7,4720.7,5.7,41742.1,744.8,0.388862184,,
200066710,6142.4,664.1,351.9,62.2,7650.3,429.7,0.198519337,,
200066728,799.3,19.2,38.5,7.9,880.4,15.5,0.079007825,,
200066744,32627.1,34460.6,26763.2,9.2,104110.4,10250.3,0.569896175,,
200066744,32627.1,34460.6,26763.2,9.2,104110.4,10250.3,0.569896175,,
200066751,21305.5,4960.4,8995.8,22.9,35998.9,714.3,0.550481457,,
200066769,13434.1,1011.2,2107.1,21.4,16749,175.2,0.429167724,,
200066777,6522.1,3200.7,5075.8,315.7,15419.5,305.2,0.19017074,,
200066785,5147,4860.1,4528.9,72.3,14929.9,321.6,0.232699756,,
200066793,9016.8,6611.8,8681.6,7.8,24318,0,0.452188142,,
200066801,3422.6,180.6,113.4,39.9,3823.1,66.6,0.065923815,,
200066819,7042.1,213.9,259.8,33.5,7635.7,86.4,0.185978484,,
200066827,5263.4,417.9,342,124.9,6286.1,137.9,0.222098561,,
200066827,5263.4,417.9,342,124.9,6286.1,137.9,0.222098561,,
200066835,12540.4,271.9,447.2,2272.7,16259.5,727.3,0.212998272,,
200066850,19066.9,544.1,358.2,482.7,21047.8,595.9,0.354412859,,
200066868,4795,1097.5,757.3,19.6,6837.5,168.1,0.240666369,,
200066876,2067.3,1026.8,1267,770.5,5457.7,326.1,0.067254053,,
200066884,8482.8,251.2,283.3,155.5,9244.8,72,0.273921623,,
200066892,13985.2,212.9,886,166.8,15523.7,272.8,0.346869644,,
200066918,40171.9,11986.3,9024.2,18.1,61965,764.5,0.64877344,,
200066926,7777.4,400.2,251.8,220.6,8709.7,59.7,0.143644304,,
200066975,6840.1,2031,333.9,146,9607.9,256.9,0.469156359,,
200067023,2091.7,93.2,75.6,81.5,2397.6,55.6,0.037129495,,
200067031,3141,1237.3,244.7,62.5,4878.8,193.3,0.098921731,,
200067049,51600.8,9208.8,12167.9,0,73021.7,44.2,0.792316381,,
200067064,7260.6,139.4,418.7,15.7,7870.1,35.7,0.422914472,,
200067072,1231,122.5,188.9,18.3,1599.9,39.2,0.064359502,,
200067080,13730.6,2004.8,4302.9,255.5,20591.5,297.7,0.347951057,,
200067106,97948.2,2058.7,3582.1,656.5,104724.1,478.6,0.349777323,,
200067114,8466.6,906,1959.2,247.5,11655.9,76.6,0.266532058,,
200067122,4929.2,61.1,58.2,184.3,5306,73.2,0.240386358,,
200067130,52871.8,1293,2367.1,405.6,57433.3,495.8,0.317813757,,
200067130,52871.8,1293,2367.1,405.6,57433.3,495.8,0.317813757,,
200067155,18987.2,1332.9,1589.2,6.5,22045.6,129.8,0.466724675,,
200067163,24781.1,6063.2,2040.8,0.8,33356,470.1,0.509944811,,
200067171,21387.2,2208.2,2233.3,0.7,25877.1,47.7,0.299670303,,
200067189,26260.9,10796.4,6789.2,3.5,48623.6,4773.6,0.512229603,,
200067197,6949.1,2909.3,1151.9,22.2,11556.4,523.9,0.279278387,,
200067205,11255.6,1047,666.8,250.6,13567.5,347.5,0.093444073,,
200067213,17992.4,2461.1,3014.1,1274.1,25734.6,992.9,0.180024554,,
200067221,7939.7,1202.9,2574.2,137.2,12029.9,175.9,0.179248699,,
200067239,9271.2,356,233.9,73.1,10084,149.8,0.192305125,,
200067247,4163.9,879.9,576.9,30.2,5772.1,121.2,0.135330113,,
200067254,9501.8,64.2,113.2,53.8,9814.5,81.5,0.285843682,,
200067262,40829.5,2398.5,8082.3,24.3,51494,159.4,0.481822418,,
200067288,13217,228.1,345.4,76.4,14003.5,136.6,0.31524788,,
200067296,9835.1,268.1,243.1,8.4,10488.5,133.8,0.178757077,,
200067304,11353.1,1415.7,586.5,698.6,14571.6,517.7,0.313222918,,
200067320,2169.7,6318,6940.8,0,15465.4,36.9,0.633978569,,
200067320,2169.7,6318,6940.8,0,15465.4,36.9,0.633978569,,
200067346,3141,188.4,148.2,96.5,3677.3,103.2,0.081543818,,
200067361,56482,1639,1038.7,143.9,59748.8,445.2,0.464931407,,
200067361,56482,1639,1038.7,143.9,59748.8,445.2,0.464931407,,
200067379,7110.9,95.4,600.6,2624.9,10844.8,413,0.239669385,,
200067429,17883.4,1158.9,485.6,46.7,19580.4,5.8,0.427071133,,
200067437,35607.7,40930.8,31271.2,5.5,108698.4,883.2,0.680114401,,
200067445,5275,20055.7,19001,0,44508.1,176.4,0.620032459,,
200067452,248.7,34536.7,857.4,0,36027.2,384.4,0.432202617,,
200067460,12194,3566.3,1523,665.4,18387.6,438.9,0.155517402,,
200067478,21162.5,1277.4,1747.4,7.6,24328.9,134,0.37692577,,
200067486,9170.6,671.1,541.6,12,10599.8,204.5,0.311862472,,
200067502,5979.2,769.6,960.2,80.3,7903.9,114.6,0.227265931,,
200067510,19120.5,1758,990.2,23.6,23217.2,1324.9,0.231110049,,
200067544,14703.1,734.9,975.6,101.5,17116.2,601.1,0.168808306,,
200067551,5804.4,742.5,2977.7,25.9,9550.5,0,0.400153349,,
200067593,16453.2,3931.4,3080.7,9.2,24761,1286.5,0.262204568,,
200067627,4875.1,421.3,1641.2,55.1,6996,3.3,0.251653771,,
200067635,2054.4,21.1,59.4,37.3,2193.1,20.9,0.070420545,,
200067643,7337.3,219.8,265,53.5,8039.1,163.5,0.295611661,,
200067650,4474.2,337.9,274,45.5,5249,117.4,0.207621353,,
200067668,9744.4,38.2,52.9,317.2,10269.6,116.9,0.205372695,,
200067668,9744.4,38.2,52.9,317.2,10269.6,116.9,0.205372695,,
200067676,14770.6,3957.5,1653,308.6,21264.3,574.6,0.281680308,,
200067684,8876.5,229.8,813.8,551.1,10972.9,501.7,0.188763863,,
200067692,17502.4,2972.4,1998,24.5,22527.1,29.8,0.293342622,,
200067700,15374.4,711.2,211.9,111.4,16419.3,10.4,0.309851899,,
200067742,1502.9,22351.6,5036.2,0,28981.4,90.7,0.465830313,,
200067742,1502.9,22351.6,5036.2,0,28981.4,90.7,0.465830313,,
200067759,17826.9,6164.9,2117.7,28.6,27403.2,1265.1,0.661352332,,
200067767,18533.7,6007.4,10509.9,0,35080.2,29.2,0.735182736,,
200067783,8536.6,6752.6,4782.8,0,21768.6,1696.6,0.603632008,,
200067791,24568.8,3057.1,1366,43.2,29117.5,82.4,0.615597172,,
200067817,8301.8,9596.4,829.7,74.6,18802.5,0,0.349338204,,
200067825,5996.3,5075,6985.2,3.4,18087.8,27.9,0.517004042,,
200067825,5996.3,5075,6985.2,3.4,18087.8,27.9,0.517004042,,
200067841,9583.2,597.6,1559.1,48.3,12362.8,574.6,0.323344022,,
200067866,1706.3,18.4,39.6,147.4,1977.7,66,0.071376755,,
200067874,7118.8,4758.9,3924.9,184.1,18973.3,2986.6,0.474224614,,
200067882,29471.2,5854.1,1865.6,115.9,37500.4,193.6,0.309075684,,
200067890,24036.7,22163.3,8943,0.7,55183.4,39.7,0.566962836,,
200067908,19398.6,1976.1,1060.2,56.5,22526.7,35.3,0.34497402,,
200067916,19196.8,1126.9,106.3,168.1,20601.3,3.2,0.287243832,,
200067924,6863.7,2.1,2.6,120.9,7040.1,50.8,0.25861993,,
200067932,8550.9,4086.9,3270.1,94.2,16435.9,433.8,0.20084881,,
200067940,87373.7,6972.2,4544.4,52.9,99128.4,185.2,0.602280598,,
200067957,6032.3,539.4,381,74.9,7178.2,150.6,0.280630835,,
200067965,12486.2,1149.5,392,253.2,14506.4,225.5,0.547275018,,
200067973,6202.7,216.4,165.5,765.2,7405.3,55.5,0.233896389,,
200067981,17364.9,2644.2,1413.6,565.1,22370.3,382.5,0.19940598,,
200067999,9325.9,542.5,225.6,926,11347.3,327.3,0.245368248,,
200068005,4381.5,112.7,69.2,206.7,4788.5,18.4,0.100637853,,
200068047,2226.9,71.3,31.1,6.2,2355.8,20.3,0.28139371,,
200068070,25965.1,5034.5,5274.9,12.2,36662.1,375.4,0.549162672,,
200068088,24746.5,2787.3,973.6,97.2,28604.6,0,0.481757627,,
200068088,24746.5,2787.3,973.6,97.2,28604.6,0,0.481757627,,
200068096,7873.4,12369.1,7438.9,0,27753.1,71.7,0.349208486,,
200068104,31969.8,8514.8,27886.7,12.5,69755.1,1371.3,0.731251455,,
200068112,3961.9,3101.7,2055.9,3.6,9718.4,595.3,0.396717965,,
200068120,5618.6,438.2,925.6,82.4,7195.2,130.4,0.149968111,,
200068146,20313.7,12734.6,4594.6,128,38954.5,1183.6,0.46859005,,
200068229,29374.5,22259.7,17088.2,0,68871.2,148.8,0.630573732,,
200068278,17178.3,778.3,219.2,132.6,18418.7,110.3,0.334453098,,
200068294,15288.4,1115.8,1285.9,11.6,18191.1,489.4,0.461347082,,
200068369,10156.8,1005.2,1022.1,22.3,12376.7,170.3,0.25356946,,
200068377,3141.3,7767.6,4973.7,0,16096.2,213.6,0.614769407,,
200068435,5887.8,946.5,375.5,150.9,7469.9,109.2,0.191361709,,
200068443,1797.8,487.1,480.3,77.9,2971.5,128.4,0.087856497,,
200068450,7311.3,1180.1,843,199.2,9925.2,391.6,0.137607848,,
200068468,8448.7,1839.3,1265.9,168.7,12190.4,467.8,0.233414965,,
200068484,19609,2826.6,3907.4,4.9,26725.6,377.7,0.360415956,,
200068500,1531.7,7.4,14.7,345.4,1928.8,29.6,0.04815944,,
200068534,4469.9,389.7,84.9,72.9,5239.1,221.7,0.106735473,,
200068542,18377.4,167.5,101.5,995.7,19642.1,0,0.316839748,,
200068559,27345.4,1162.4,3211.9,36.9,32658.6,902,0.448535673,,
200068559,27345.4,1162.4,3211.9,36.9,32658.6,902,0.448535673,,
200068567,6300.7,5.6,35.3,252.6,6594.2,0,0.188926071,,
200068625,19988.8,73455.4,25166.9,0,119197.1,586,0.686610538,,
200068641,2946.3,71.3,30.3,87.9,3233.6,97.8,0.100617032,,
200068658,28744.5,3616.2,4238.1,59.1,38190.4,1532.5,0.409644292,,
200068666,34136.3,285.8,1410,1226.7,40769.7,3710.9,0.432534883,,
200068666,34136.3,285.8,1410,1226.7,40769.7,3710.9,0.432534883,,
200068674,11851.2,803.5,1656,695.5,15007.7,1.5,0.431123189,,
200068682,12314,595.7,1003.1,37.8,14110,159.4,0.338633227,,
200068757,34038.3,9171.1,8979.5,63.6,53899.8,1647.3,0.483357726,,
200068765,31917.4,39233.6,29804.8,1.6,101526.1,568.7,0.679656256,,
200068765,31917.4,39233.6,29804.8,1.6,101526.1,568.7,0.679656256,,
200068765,31917.4,39233.6,29804.8,1.6,101526.1,568.7,0.679656256,,
200068773,24489.8,2849,3025,40.4,31056.4,652.2,0.446531503,,
200068781,17256.4,1042.4,4390.8,54.2,23124.8,381,0.247849718,,
200068799,5531.269265,1003,336.0548826,115.6344184,7321.651122,335.6925561,0.090129896,,
200068807,3745.2,272.8,155.4,27.3,4270.5,69.8,0.135433845,,
200068815,10507.8,142.2,420,36.2,11315.4,209.2,0.196900172,,
200068831,12408.1,369.3,694.1,6.2,13528.9,51.2,0.231988957,,
200068856,12075.1,1332.8,656.6,47.2,14340.5,228.8,0.36735661,,
200068864,3012.2,2880.4,1270.1,0,7299.5,136.8,0.428885351,,
200068872,9663.3,188.6,147.7,108.2,10152.3,44.5,0.223211361,,
200068880,9844.2,156.3,667.9,368.7,11147.6,110.5,0.155764093,,
200068914,15208.3,474.3,604.8,25.1,16742.1,429.6,0.356311932,,
200068922,5271.4,892,399.6,500.1,7432.2,369.1,0.197067402,,
200068930,13168,1537,1697,251.8,16876.8,223,0.372725787,,
200068948,11035.4,8977.4,1559,1159.2,25037.8,2306.8,0.333808403,,
200068955,6380.4,2830.4,837.3,1459.6,12195.2,687.5,0.266935166,,
200068963,1437.3,169.9,149,151.9,1974.4,66.3,0.104729371,,
200068989,11613.8,961.6,572.9,620.9,14057.9,288.7,0.14726544,,
200068997,13016.7,17882.2,9704.9,35.6,40640.7,1.3,0.531702754,,
200069003,23386.8,4278.7,6764.5,301.4,35405.2,673.8,0.43423901,,
200069029,5597.2,530.7,640.9,259.1,7175.1,147.2,0.177189213,,
200069037,6516.8,112.5,74,406.9,7508.3,398.1,0.137199545,,
200069052,8902.3,433.4,403.1,27.5,9939.7,173.4,0.378175495,,
200069060,7357.8,2297.2,2312.2,0.8,12013.4,45.4,0.688972111,,
200069086,5473.2,1565.5,691.4,427.9,8334.7,176.7,0.190860794,,
200069094,13418.5,5572.4,5062.1,340.1,25859.5,1466.4,0.602055783,,
200069102,4743.1,18913.2,4727.4,0,28929.9,546.2,0.442722824,,
200069110,13957.2,8501.6,7192.8,3,29661.6,7,0.566439416,,
200069128,15778.6,21121.7,8329.3,3.4,45766.6,533.6,0.636547229,,
200069128,15778.6,21121.7,8329.3,3.4,45766.6,533.6,0.636547229,,
200069136,25896.6,10375.5,10434.6,0,46953.7,247,0.758674791,,
200069144,2373.9,5732.4,3956.9,0,12259.9,196.7,0.223651014,,
200069151,16418.9,21676.2,6806.4,2.9,45515.2,610.8,0.500666599,,
200069169,10290.2,7190.5,3860.8,0,21342.2,0.7,0.320845116,,
200069177,7678.7,1937.2,1091.5,19.6,10727,0,0.318682135,,
200069185,3012.9,10461.8,4225,0,17931.8,232.1,0.410932974,,
200069193,9688.1,220.5,22.1,366.6,10371.9,74.6,0.16332672,,
200069227,11980.2,384,468.8,290.6,13181.4,57.8,0.190118357,,
200069235,4576.6,128.8,117.4,152.7,5284.9,309.4,0.124665332,,
200069250,13689.3,1373.7,1541.9,563,18337.4,1169.5,0.208060598,,
200069268,6461,18217.4,5438.2,0,30767.7,651.1,0.526898311,,
200069300,16096.3,2158.3,1860.4,55.1,20255.7,85.6,0.327446876,,
200069383,19362.7,329.7,548.4,50.5,20400.4,109.1,0.304408162,,
200069383,19362.7,329.7,548.4,50.5,20400.4,109.1,0.304408162,,
200069391,8809.6,1653.2,980.6,725.1,12456.4,287.9,0.13457809,,
200069409,6892.6,2156.9,1439.3,359,11020.9,173.1,0.182130823,,
200069417,8254.2,1033.6,980.9,754.2,11549.7,526.8,0.294916579,,
200069425,7660.3,624.3,384.1,212.8,9191.9,310.4,0.058892423,,
200069433,9984.1,8367.2,4415.5,52.7,23240.3,420.8,0.517103811,,
200069441,16744.4,9072.2,7131.4,5.5,33356.8,403.3,0.554321581,,
200069458,6448.1,1211.1,510.5,102.8,8913.2,640.7,0.159027125,,
200069482,3555.4,33.4,88.9,254.2,4124.8,192.9,0.074442511,,
200069516,625.7,10.8,47.1,17.9,716.7,15.2,0.036943489,,
200069524,3209.9,414.5,143.8,45.7,4095.2,281.3,0.096820105,,
200069532,9971.5,1091.3,420.7,352.9,12320.9,484.5,0.135118774,,
200069540,1551.4,100.8,65.9,72.8,1820.1,29.2,0.144560227,,
200069565,523.4,17011.7,7391.5,0,25069,142.4,0.596991822,,
200069581,6065.5,6146.6,1457.9,314.5,16983.5,2999,0.562600414,,
200069599,8671.2,229.2,907.6,335.1,10294.2,151.1,0.227572074,,
200069615,15183,1477.4,760.9,231.9,18076.3,423.1,0.397773509,,
200069623,9641.2,10568.1,9969.5,0,30440.7,261.9,0.514952566,,
200069631,5820.9,467.4,632.6,894.1,8408.2,593.2,0.268818098,,
200069649,11302.7,1214.4,997.4,297.3,15540.4,1728.6,0.263750214,,
200069656,6474.4,70611.5,4174.5,32,145015,63722.6,0.809121257,,
200069664,29794.8,2404.7,3511.3,63.9,38329.1,2554.4,0.452729255,,
200069672,5589.6,33.3,64.5,480.5,6455.8,287.9,0.101189991,,
200069672,5589.6,33.3,64.5,480.5,6455.8,287.9,0.101189991,,
200069698,5955.8,144.8,107.1,250.1,6549.8,92,0.301177617,,
200069722,9441.2,550.4,328.5,69.7,10907.1,517.3,0.237395744,,
200069722,9441.2,550.4,328.5,69.7,10907.1,517.3,0.237395744,,
200069730,9819.3,1041.5,371.6,95.6,11684.2,356.2,0.189591778,,
200069730,9819.3,1041.5,371.6,95.6,11684.2,356.2,0.189591778,,
200069748,4768.1,86.7,94.6,170.3,5151.4,31.7,0.09251796,,
200069755,14833.1,231.5,672.6,871.4,17730.8,1122.2,0.137441456,,
200069763,5870.6,475.7,415.9,699.3,7555.1,93.6,0.1082067,,
200069821,2429.1,69.7,67.8,7,2719.2,145.6,0.125237192,,
200069839,2471.1,159.1,82,22.8,2798,63,0.073887073,,
200069847,1418.7,77.2,32,44.8,1622.6,49.9,0.065364954,,
200069854,16535.9,2059.7,2230.9,811.1,22419.4,781.8,0.209314463,,
200069912,10363.6,512.7,202.9,18.2,12259.1,1161.7,0.387283164,,
200069953,6443.6,113.6,73.8,426.7,7113.8,56.1,0.124795408,,
200069961,7747.662865,269.7596184,149.4,130.354349,8407.299785,110.1229522,0.104187325,,
200069995,9267.4,4181.6,1707.2,272.2,21950.9,6522.5,0.385282631,,
200070035,12215,215.2,232,405.5,13475.4,407.7,0.150968297,,
200070043,28657.1,838.9,1651.7,313.3,32105.4,644.4,0.160641939,,
200070068,9581.1,512.7,234.8,23.5,10668.6,316.5,0.217627488,,
200070092,10833.4,2244.3,4119.6,670.3,19040,1172.4,0.329268778,,
200070100,24430.7,2681.7,1647.5,62.5,29341.6,519.2,0.493692887,,
200070118,1343.6,0,0,230.2,1588.4,14.6,0.100612518,,
200070126,1240.7,102.4,256.2,1452.5,3940.2,888.4,0.101449313,,
200070142,9457.9,417.1,163.9,28.5,10273.4,206,0.360505594,,
200070159,2875.5,38.3,56.4,23.1,3018.6,25.3,0.030640148,,
200070167,7959.7,119.4,101.3,22.3,8289,86.3,0.214872305,,
200070183,8710.7,1088.7,638.8,304.3,11003.8,261.3,0.166204476,,
200070183,8710.7,1088.7,638.8,304.3,11003.8,261.3,0.166204476,,
200070233,1509.4,37,78,35.4,1684.1,24.3,0.043970476,,
200070282,16995.2,1630.9,1478.9,369.8,22184,1709.2,0.293143296,,
200070290,3903.1,230.1,143,11.6,4316.4,28.6,0.203829717,,
200070290,3903.1,230.1,143,11.6,4316.4,28.6,0.203829717,,
200070308,5955.8,590.3,230.8,71.3,6974.2,126,0.232779827,,
200070308,5955.8,590.3,230.8,71.3,6974.2,126,0.232779827,,
200070316,13157.4,2323.2,1188.2,17.5,16904.4,218.1,0.195113055,,
200070324,14641,1958,2785,113.9,19908.4,410.5,0.437933211,,
200070332,28210.2,1355.9,2196.3,408.5,33270.1,1099.2,0.411245116,,
200070332,28210.2,1355.9,2196.3,408.5,33270.1,1099.2,0.411245116,,
200070340,619.1,13385,284.5,0,14288.6,0,0.149393741,,
200070365,16792.8,3945.6,1996.5,0,22815.6,80.7,0.404767311,,
200070365,16792.8,3945.6,1996.5,0,22815.6,80.7,0.404767311,,
200070373,9194.6,1220.7,287.4,443.5,11458.4,312.2,0.212769434,,
200070407,21836.2,5100.1,5007.6,38.9,31992.9,10.1,0.311378242,,
200070431,24046.9,1878.2,2296.9,90.2,28335,22.8,0.475732361,,
200070449,7302.2,609.8,219.7,44.1,8349.8,174,0.155271741,,
200070464,4631.8,5169.3,2260.9,0,12064.8,2.8,0.333507484,,
200070506,8734.1,555.9,471.9,14.4,11053.7,1277.4,0.278870461,,
200070514,8630.5,28.3,132,1075,10111.8,246,0.133976199,,
200070530,30743.9,13281.8,4193.4,27.3,49761.3,1514.9,0.396327535,,
200070548,1410.6,2256.6,1150.9,6.5,5186,361.4,0.179212584,,
200070555,1528.7,71,40.7,477.1,2132.7,15.2,0.10011736,,
200070563,17426.1,459,1771,37.6,19969.5,275.8,0.423837813,,
200070571,5494.4,494,330.8,401.1,6774.8,54.5,0.202823749,,
200070589,6600.9,90.3,392.6,76.6,7270.5,110.1,0.208990876,,
200070647,12122.1,3892.3,2686.7,348.5,19752.6,703,0.339612909,,
200070662,3630,558.6,349.4,59.3,4707.5,110.2,0.100940251,,
200070670,2548.6,43.8,80.4,190.2,2929.5,66.5,0.089791452,,
200070688,3855.5,181.8,234,179,4575.3,125,0.114366775,,
200070712,10136.5,16126.6,10137.2,81.5,36506.4,24.6,0.584093989,,
200070720,9510.8,35390.2,4970.9,31.7,73570.8,23667.2,0.590986608,,
200070738,14555.4,1155.9,733.2,49.3,16713.2,219.4,0.355094557,,
200070738,14555.4,1155.9,733.2,49.3,16713.2,219.4,0.355094557,,
200070746,8593.7,197.6,306.1,88.8,9278.8,92.6,0.271784372,,
200070746,8593.7,197.6,306.1,88.8,9278.8,92.6,0.271784372,,
200070753,6832.3,1834.2,912.1,29.4,9623.2,15.2,0.236938259,,
200070761,7984.2,55743.8,11178,2.4,74961.1,52.7,0.609376423,,
200070779,9722.4,116.2,117.8,361.4,10641.6,323.8,0.290557218,,
200070787,15998.7,1201.7,1786.8,0,19005.7,18.5,0.439868357,,
200070795,7918.9,149.5,482.8,9.5,8600.4,39.7,0.258449555,,
200070803,8772.4,227,377.5,2.4,9430.4,51.1,0.354993412,,
200070811,16260.7,7450.6,2776.3,0,26490.4,2.8,0.264000853,,
200070829,15124.3,2153.6,1593.5,18.5,18893.2,3.3,0.616104038,,
200070845,8395.4,174.2,163.8,37,8786.7,16.3,0.221812986,,
200070852,11247.2,278,830.4,12.8,12381.5,13.1,0.45250878,,
200070852,11247.2,278,830.4,12.8,12381.5,13.1,0.45250878,,
200070894,18756.8,1675.3,1293,168.3,22428.7,535.3,0.456031946,,
200070902,13128.2,82,96.6,1128.4,15245.2,810,0.3954605,,
200070910,11124.5,1131.9,2399.8,1,14757.3,100.1,0.470190341,,
200070928,824.6,1.7,10.4,77.6,944.8,30.5,0.032491136,,
200070936,9223.8,1397.6,460.2,385.7,11985.3,518,0.152942783,,
200070944,995.1,7.3,15.7,24.3,1082.9,40.5,0.055833114,,
200070951,5885.5,139.3,152.7,512.7,7098.2,408,0.122162655,,
200070969,4723.4,41.4,61.9,313.4,5260.5,120.4,0.131669186,,
200070977,3283.3,20,26.7,288.3,3700.6,82.3,0.096507768,,
200070985,1091.5,4.3,0,379.3,1582.8,107.7,0.059926398,,
200070993,4069.8,116.1,38.9,203,4549.3,121.5,0.109936662,,
200071017,13473.9,1683,1211.5,54.8,16719.1,295.9,0.216315071,,
200071025,20643.2,3692.4,7142.9,0,32025.2,546.7,0.66377461,,
200071033,13101.9,4172,5089,1.9,22810.1,445.3,0.741545894,,
200071033,13101.9,4172,5089,1.9,22810.1,445.3,0.741545894,,
200071041,15742.5,845.1,2689.6,97.2,19830.6,456.2,0.336561373,,
200071058,12943.3,993.8,724.2,0.6,14714.9,53,0.414693466,,
200071066,5438.7,41489,18019.6,15.1,67200.7,2238.3,0.719312593,,
200071066,5438.7,41489,18019.6,15.1,67200.7,2238.3,0.719312593,,
200071074,2849.2,103.3,43.1,36.1,3066,34.3,0.209903674,,
200071082,5628.4,697.2,126.5,13.5,6465.6,0,0.171294138,,
200071116,5360.8,603.8,532.1,63.7,6615.2,54.8,0.3542143,,
200071140,26797.9,1428.9,871.7,404.6,29513.3,10.2,0.220188038,,
200071140,26797.9,1428.9,871.7,404.6,29513.3,10.2,0.220188038,,
200071157,5137.6,21379.1,9966,0,36890.9,408.2,0.734160413,,
200071165,832.2,831.9,183.9,92.2,1967.2,27,0.113601321,,
200071173,10974,1884.4,743,14.5,13999.7,383.8,0.294956556,,
200071181,11853.9,540.5,474,479.3,13654,306.3,0.1522107,,
200071199,4815.2,96.2,262.4,208.2,5383.1,1.1,0.151925921,,
200071207,13863.6,435.2,1103.2,18.4,15563.5,143.1,0.312422213,,
200071215,15719.7,9094.5,7448.6,2.6,32383.1,117.7,0.383788332,,
200071223,4850.5,122.8,125.5,201.7,5436.8,136.3,0.168838428,,
200071298,4648.4,70.5,96.3,26.8,4872.8,30.8,0.078373723,,
200071314,5391.4,85.6,93.5,77.6,5872.7,224.6,0.155161709,,
200071363,17605.2,8934.2,2945,43.7,29585.1,57,0.405372521,,
200071371,2990.2,0,37,305.5,3348.3,15.6,0.129376398,,
200071389,14720.9,2203.8,885,189.3,18028.6,29.6,0.193801108,,
200071405,14160.3,630.1,926.1,7.1,15760.6,37,0.555998095,,
200071413,23340.2,5906.7,8015.6,0,37283.7,21.2,0.617057089,,
200071454,10535.3,1196.7,574.8,31.7,12780.3,441.8,0.240809689,,
200071470,12780.2,787.8,473.7,218.9,14260.6,0,0.130309,,
200071496,9946.9,840.4,302.9,173.3,11264.7,1.2,0.152171593,,
200071504,5549.3,589.2,170.9,126.5,6558.4,122.5,0.180333864,,
200071512,8631.7,1041.8,316.1,75.2,10068.2,3.4,0.137731686,,
200071520,2914.5,1243.3,471.8,99.9,5103.9,374.4,0.138936829,,
200071538,8224.6,69.1,34.9,640.1,9111.6,142.9,0.217438306,,
200071546,3187.6,468.3,189.8,111.5,4039.8,82.6,0.095023263,,
200071553,5843.5,743,198.7,719.9,7829.2,324.1,0.127690875,,
200071579,10440.7,236.3,242.4,673.3,11822.3,229.6,0.240492038,,
200071587,30717.6,5257.2,4763.4,1212.8,42978.5,1027.5,0.236244256,,
200071595,20396,4834.4,4135.4,95.7,29715.7,254.2,0.493904253,,
200071629,1906.6,212.2,352.4,242.7,2752.1,38.2,0.06644487,,
200071645,3545.3,2432.6,1344.4,11,7795.4,462.1,0.302665807,,
200071652,3117.3,2322.9,454.8,114.4,6229.1,219.7,0.267828427,,
200071678,4666.5,1103.4,390.3,141.1,6474.7,173.4,0.082453471,,
200071751,27474.1,2377.4,1433.7,351,31821.6,185.4,0.256733469,,
200071769,11118.3,172.1,85.6,1387.5,13084.6,321.1,0.431331052,,
200071777,2495.3,433.7,2346.8,1377.4,8253.6,1600.4,0.135252812,,
200071785,9374.4,404.6,128.6,2064.9,12386.6,414.1,0.321036099,,
200071819,24844.4,1165.9,2739.3,56.1,29801.7,996,0.518210225,,
200071827,16150.7,344.3,536.1,112.3,17679.2,535.8,0.274416063,,
200071843,3851.8,199.2,122.9,151.6,4360,34.5,0.145147544,,
200071850,4528.9,532.9,362.1,201.2,5686.7,61.6,0.131078882,,
200071868,4194.9,992.3,132,548.5,6287.1,419.4,0.095431446,,
200071876,17619.2,8418.6,3266,2704.1,33431.4,1423.5,0.268707461,,
200071884,12950.9,2949.7,1652.4,66.8,17901.4,281.6,0.189398131,,
200071884,12950.9,2949.7,1652.4,66.8,17901.4,281.6,0.189398131,,
200071892,2316.1,46.8,15.8,478.4,2895.3,38.2,0.097962788,,
200071900,3028.3,1393.7,566.8,217.9,5246.7,40,0.103538304,,
200071918,1445.4,479.3,161.1,46.5,2194.6,62.3,0.067233636,,
200071926,31475.8,8774.7,7916.8,37,48516,311.7,0.587519391,,
200071934,5245.5,342.5,102.1,133.1,6075.9,252.7,0.130814179,,
200071942,17410.5,964.5,997,25.1,20742.4,1345.3,0.163512801,,
200071967,3137.5,7970.2,4519.2,0,15639.2,12.3,0.486054737,,
200071983,2411,228.7,66,228.3,3003.4,69.4,0.090484569,,
200071991,18377.2,446.6,470.6,1008.3,20806.6,503.9,0.386392885,,
200072007,9624.3,22262.3,7362.4,0,39287,38,0.561912336,,
200072015,4372.6,5685.8,3805.6,64.9,14413.4,484.5,0.451435891,,
200072023,10120.5,53.3,186.7,403.4,11108.4,344.5,0.183989757,,
200072031,22999.4,259.5,333.5,1005.5,24787.2,189.3,0.278708911,,
200072049,29983.6,1265.7,1594.6,111.5,34275.1,1319.7,0.245939587,,
200072056,7363.6,587.2,860.4,24.9,8892.4,56.3,0.425979152,,
200072064,19817.3,4004.3,2553.5,709.9,27526.2,441.2,0.338494457,,
200072072,13717.7,694.9,539.5,431.1,15570.8,187.6,0.149834344,,
200072080,11505.4,3121.5,3853.3,13.6,18571.2,77.4,0.27050742,,
200072098,12189.6,1324,1649.9,28.8,15200.9,8.6,0.354631753,,
200072106,10360.5,436.5,425.9,399.9,11728.4,105.6,0.221983742,,
200072106,10360.5,436.5,425.9,399.9,11728.4,105.6,0.221983742,,
200072122,5571.3,2.2,13.2,154.4,5977,235.9,0.208245505,,
200072130,2789,21.9,38.2,93.7,3069.5,126.7,0.173457278,,
200072304,1248.9,35305,3228.2,0,39881.6,99.5,0.389857084,,
200072312,16515.8,1175.8,818.4,256.4,19249.6,483.2,0.267951002,,
200072320,11095,310.3,187.8,81.4,11729.8,55.3,0.225894107,,
200072346,14837.7,6486.5,3744.8,0.1,25792.9,723.8,0.588973124,,
200072452,3352.2,112,123.4,129.5,3996.7,279.6,0.073273041,,
200072460,5061.8,5.1,89.5,700.6,5977.6,120.6,0.092375355,,
200072478,3641.9,59,36.6,31.3,3904.9,136.1,0.166160301,,
200072544,6080.6,0,1.8,78.3,6220.3,59.6,0.157091771,,
200072635,25445.2,5064.1,5988.3,49.1,36739.8,193.1,0.557979962,,
200072643,22373.1,804.4,793.3,85.2,24431.9,375.9,0.245833333,,
200072650,11502.5,1279.2,978.6,1108.4,15291.2,422.5,0.313432255,,
200072668,8588.6,2205.4,1882.8,809.2,13861.9,375.9,0.202128032,,
200072676,5860.8,1014.8,160.2,498.5,7963.4,429.1,0.130989038,,
200072676,5860.8,1014.8,160.2,498.5,7963.4,429.1,0.130989038,,
200072684,6917.4,2978.3,704.7,485.3,11491.2,405.5,0.28515276,,
200072692,7374.9,813.6,346.4,314.9,9072.5,222.7,0.217705341,,
200072700,4098.1,422.1,362.9,187.7,5180.7,109.9,0.10529771,,
200072718,3431.3,1589.1,687.4,76.1,5986.9,203,0.138986199,,
200072726,7372.7,2026.5,1006.9,117.8,10854.5,330.6,0.122769574,,
200072734,1973.8,25.4,72.5,25.8,2127,29.5,0.067862909,,
200072825,11484.1,521.6,473.5,374,13190.8,337.6,0.310561024,,
200072874,11567.9,61.8,47.6,291.3,12902.9,934.3,0.342307376,,
200072882,2754.8,237.1,89.8,104.4,3274.2,88.1,0.066549457,,
200072981,20536.2,8281.7,4683.4,1084.4,35514.2,928.5,0.449604317,,
200072999,14865.1,1203.2,1074.1,103.9,17845.2,598.9,0.254660761,,
200073013,4134.6,50.3,0,21.9,4277.5,70.7,0.349403298,,
200073096,11769.8,2224.2,4421.3,54.8,19056.1,586,0.379263608,,
200073096,11769.8,2224.2,4421.3,54.8,19056.1,586,0.379263608,,
200073104,19820.1,1812.1,1038.3,0,22673.2,2.7,0.580185879,,
200073112,8913.9,7512.5,1533,1524.6,20139,655,0.331008162,,
200073120,25545.5,123.8,130,0,25848.9,49.6,0.664600361,,
200073138,30118.2,16198.4,8307.1,0,54649.2,25.5,0.600765781,,
200073146,25413.1,373.2,1186.9,140.7,27256,142.1,0.532293847,,
200073161,3843,62.5,115,110.6,4191.3,60.2,0.19655318,,
200073237,10525.2,1218.1,343.3,294.8,12925,543.6,0.254583989,,
200073245,12752.2,3852.7,1853.7,0,18458.6,0,0.560577992,,
200073252,16659.5,50.1,65.1,4.1,16781.1,2.3,0.714311254,,
200073260,3641.3,896.1,464.8,307.7,5353.5,43.6,0.056698793,,
200073344,24904,3166.7,999.3,71.8,29775.6,633.8,0.467905695,,
200073393,14352.1,30411.4,13879.3,0,58849,206.2,0.500109202,,
200073401,1793.3,8296.6,4332.8,3.5,14547.5,121.3,0.315041883,,
200073419,6052.8,33951.1,9912.1,4.5,50186.7,266.2,0.386703282,,
200073427,1744.2,7662.5,6455,0.5,16050.9,188.7,0.456864972,,
240100578,5018.6,4599.8,2109.6,0,11762.6,34.6,0.634547122,,
240100610,2775.2,4,1.2,56.4,2849.1,12.3,0.225817957,,
240100750,9038.9,4385.8,6916.2,5.9,20346.8,0,0.50346418,,
240100800,894.6,0,0,27.9,922.5,0,0.140640007,,
240100883,25857.2,2038.2,1142.7,84.1,29226.5,104.3,0.410079654,,
240100891,8298.4,2920.9,3446.5,0,14669.8,4,0.65057719,,
240200444,8355.6,609.6,372.4,444.3,9927.9,146,0.136895011,,
240200469,2568.4,2.6,12,661.4,3299.4,55,0.078575851,,
240200477,3698.3,24.4,76.9,389.7,4238.4,49.1,0.233783426,,
240200493,2483.2,7.4,24.9,233.8,2805,55.7,0.0621312,,
240200501,9521.5,108.8,267.1,1128.1,11195.3,169.8,0.281840587,,
240200519,3773.5,6.4,132.5,523.8,4558.2,122,0.196038965,,
240200576,10617.1,457.8,1682.6,575,13484.5,152,0.232458915,,
240200584,6286.6,1.1,20.4,413.9,6784,62,0.286568778,,
240200592,6208.8,140,230.5,354.9,6992.6,58.4,0.390275212,,
240200600,8044.9,1179.2,386.1,118.4,9881.9,153.3,0.281625476,,
240200634,1530.1,0.2,12.7,88.3,1640.8,9.5,0.0634231,,
240300491,4415.8,1793.4,829.2,18,7056.4,0,0.211425815,,
240300558,14716,1373.6,289,70.4,16458.9,9.9,0.332014734,,
240300566,3311.1,514.9,159.4,43.5,4028.9,0,0.210768337,,
240300657,4441.4,133.2,78.9,32.9,4686.4,0,0.12283562,,
240400440,11843.6,1819,6839.4,0,20923.9,421.9,0.671703504,,
240500439,925.3,22245.3,987.7,0,24179.1,20.8,0.275630108,,
240500462,1327.3,14133.1,2740.5,0,18447.9,247,0.353461539,,
240600551,14183,23519.3,9333.3,0,47059.3,23.7,0.71289872,,
240600585,12611.1,8611.3,6668,7.7,27900.7,2.6,0.573781516,,
240600593,5526,5444.4,5902,0,17113.1,240.7,0.794354652,,
240700302,12621.8,5334,2390.8,0,20346.6,0,0.728508975,,
240700617,3316,1913.8,1110.2,0,6383.7,43.7,0.687913533,,
240700716,2041.4,4352.2,2967.8,0,9375.3,13.9,0.632671103,,
240700815,8652.5,617,77.9,0,9351.8,4.4,0.4242372,,
240700864,15671.3,219.5,333.2,9.9,16233.9,0,0.616698134,,
240800821,14590.9,5049.1,1045.8,3.7,21130.4,440.9,0.76884508,,
240800847,12885.7,1013.4,1269.5,320.7,15836.7,347.4,0.30015352,,
240800862,22953.3,1124.7,1170.6,638.8,26239.6,352.2,0.257754359,,
240800920,24163.4,2380.2,2258.1,1582.5,31220,835.8,0.26068456,,
240900431,12572.7,970.4,758.6,0,14305.9,4.2,0.640543566,,
240900464,14332.8,5445.4,1798.5,5.1,21684.9,103.1,0.70970054,,
241000223,4412,77.1,324.3,159.9,5044.5,71.2,0.155845961,,
241000405,13771.8,934.6,2129.6,65.1,17082.7,181.6,0.484607354,,
241000447,9947.6,810.5,407.4,46.2,12413.7,1202,0.389702489,,
241000488,2965.5,518.2,1162.9,65.9,4866.7,154.2,0.110501841,,
241100593,2919.6,13036.4,2069.2,17.1,18550.2,507.9,0.199062965,,
241200187,2516.5,28.7,81.4,14.3,2674.7,33.8,0.129193837,,
241200542,5281.2,356.6,348.4,3,6066.5,77.3,0.224281479,,
241200567,10902.4,12646.4,3533.4,3.5,27163.6,77.9,0.525299406,,
241200567,10902.4,12646.4,3533.4,3.5,27163.6,77.9,0.525299406,,
241200625,3098.4,81.2,127.2,13.8,3338.9,18.3,0.205470769,,
241200641,14889.6,250.2,324.7,5.2,15559.6,89.9,0.374612377,,
241200658,3261.1,705.8,876.5,0,4963.1,119.7,0.18697775,,
241200674,3135.3,25.2,77.3,16,3267.2,13.4,0.174383663,,
241200765,5045.3,1647.6,1139.9,0,8099.9,267.1,0.16423721,,
241200807,6352,115.8,296,0,6804.2,40.4,0.25900239,,
241200906,19572.3,6928.5,4788.3,14.6,31416,112.3,0.480160665,,
241200914,17501.6,2055.5,1084.7,2.3,20761.8,117.7,0.468320081,,
241300375,2599.8,6249.1,1513,3.3,10401.3,36.1,0.324416124,,
241300417,6693.5,1149.2,551.2,46.7,8446.9,6.3,0.058594411,,
241400415,618.8,0.1,17.3,3.9,650.2,10.1,0.093126513,,
241400514,4805.2,409.9,485.9,78,5995.7,216.7,0.123256469,,
241400555,365,10.6,29.7,36,456.2,14.9,0.022781182,,
241400761,1321.3,97.3,21.9,192.4,1699.7,66.8,0.090821168,,
241400860,133.6,0,5.3,2.2,141.9,0.8,0.023190822,,
241400878,2373.9,138.3,86.2,130.7,2791.3,62.2,0.109036008,,
241500230,10950,930.9,1011.7,40.3,13028.8,95.9,0.263318728,,
241500255,7960.7,623.4,1288.3,1,9924,50.6,0.274941889,,
241500271,6763.7,176.3,434.3,3.5,7409.3,31.5,0.324370351,,
241501055,11530.8,1279.4,1626.2,3.2,14504.9,65.3,0.441607273,,
241501089,6650.3,241.3,354.4,0.8,7267.6,20.8,0.306824563,,
241501139,15584.7,1601.7,3217.1,3.6,20661.5,254.4,0.321089013,,
241600303,2923.6,2.4,25.6,82.6,3076.4,42.2,0.106495521,,
241700434,707.5,3.7,12.6,14,820.3,82.5,0.025261608,,
241700459,120.1,1074.6,261.9,3,1466.3,6.7,0.173682839,,
241700517,4419.7,30.9,7.7,85.1,4815.8,272.4,0.176410038,,
241700624,1930.1,1547,737.9,45.5,4481.7,221.2,0.259716854,,
241700632,4536.1,22.2,60.5,87.4,4889.9,183.7,0.184254752,,
241700640,5449.4,5476.1,1654.3,170.8,13089.3,338.7,0.189196846,,
241700699,976.2,1.2,5.4,39,1046.6,24.8,0.055763944,,
241800325,13605.9,5444.8,3076.4,86.3,22679,465.6,0.783385147,,
241800374,5315.7,323.1,187.7,215.5,6097.3,55.3,0.153614177,,
241800424,5691.8,159.3,303.4,311.2,6600.5,134.8,0.195014507,,
241800432,4150.2,135.7,66.5,112.3,4615.6,150.9,0.169504223,,
241800457,6050.5,78.5,152.4,49.7,6416.1,85,0.273556348,,
241800507,3289.2,182.4,139.5,340,3981.3,30.2,0.100617407,,
241900133,13045.6,8123.1,8974.2,0,32449.5,2306.6,0.683737542,,
241927201,26057,4396.8,8752.3,12.9,40540.7,1321.7,0.463260871,,
241927243,7448.7,643.6,1121.8,1.1,9470.1,254.9,0.280400314,,
242000354,4340.5,16.8,25.5,0,4382.8,0,0.63338006,,
242000495,30897.4,14739.3,9506.3,0,56267.9,1124.9,0.822337971,,
242000503,22399,1244.6,2568.9,0,26243.8,31.3,0.685658898,,
242010056,14962.3,57.2,197.4,0,15318.7,101.8,0.564980065,,
242010130,37854.3,742.7,2410,0,42581.6,1574.6,0.805879024,,
242020071,8479.5,9276,5109.9,0,23081.8,216.4,0.638105296,,
242020105,25799.8,5341.1,6834.6,0,38011.3,35.8,0.67180563,,
242100154,15255.1,1153.3,1594.5,6.6,18094.4,84.9,0.483476551,,
242100410,4151.8,474.4,812,47,5513.5,28.3,0.230975472,,
242101434,70907.8,5996.5,10900.5,70.3,89157.4,1282.3,0.490091249,,
242101442,7068.1,3701.1,1602.7,4,12999.3,623.4,0.483272301,,
242101459,7462.7,257.7,728.2,16.4,8532.8,67.8,0.26977603,,
242101491,13279.6,2029.9,2694.3,4.2,18322.4,314.4,0.424464682,,
242101509,10544,0,64.6,329.8,11301.8,363.4,0.296299986,,
242200715,11597.4,1910.8,843.8,233,14945.9,360.9,0.212043096,,
242400752,17850.2,1167,2039.9,21.4,21818.3,739.8,0.424744151,,
242400935,5663.1,4010.7,1921.5,189.1,13195,1410.6,0.541115777,,
242401024,19223,580.6,1806.7,78.7,22171.1,482.1,0.406673368,,
242500320,982.4,4595.5,1860.5,0,7568,129.6,0.38056159,,
242500338,706.6,3950,1884.7,0.6,6573.2,31.3,0.425015195,,
242500361,19598.9,1803.3,1530.5,47.6,23369.6,389.3,0.440446372,,
242504116,197.4,5137.7,1301.9,8,6660.2,15.2,0.409689543,,
242504181,9705.8,9255,4566.1,3.2,23894.3,364.2,0.384855001,,
242504355,360.5,3849.2,1565,0,5829.9,55.2,0.389662732,,
242504371,5911.6,1947.3,1853.8,3.5,9940,223.8,0.431290705,,
242504447,13149.5,1942.9,2053.6,26.7,17706.1,533.4,0.477618986,,
242504488,588.4,7681,1219.9,0,9807.1,317.8,0.477407703,,
242504496,777.4,4963.3,1590.3,0,7622.1,291.1,0.425839432,,
242600252,18261,5779.8,7718.9,12.4,31901.7,129.6,0.527266837,,
242600492,13000.7,2716,10388.6,0,26207.4,102.1,0.705693229,,
242600534,18064.3,46560.7,27650.7,0,92525.7,250,0.758688465,,
242700276,7521.5,571.1,350.5,10.5,8604,150.4,0.330631867,,
242700607,2579.7,334,157.8,12.8,3156.6,72.3,0.133895508,,
242700623,4917.6,567.9,334.7,106.6,6053.2,126.4,0.314115803,,
242852465,2442.137135,12.64038157,20.6,21.54565103,2533.100215,36.17704777,0.072002911,,
242900074,2206.9,80.8,57,5.8,2373.6,23.1,0.073882472,,
242900314,3055.2,32.6,66.7,8,3164.9,2.4,0.145295535,,
242900553,1511.5,35.5,80.4,17.4,1669,24.2,0.060896851,,
242900561,4355.3,1159.1,546.6,61.4,6355.8,233.4,0.155255425,,
242900629,1812.9,78.8,177.9,10.3,2082.5,2.6,0.116159081,,
242900645,1324.6,83.5,182.7,9.7,1627.9,27.4,0.152792769,,
242900660,1846.3,157.9,188.2,41.4,2269.2,35.4,0.174309812,,
242900694,9775.6,922.9,2126.6,107.8,13487.1,554.2,0.221568199,,
242900702,1944.6,122.6,419.7,26,2547.5,34.6,0.151659473,,
242900710,2242.7,138.5,236.9,51.2,2795.9,126.6,0.132108904,,
242900744,2747.3,653.1,370.5,60.6,4149.3,317.8,0.145444539,,
242900744,2747.3,653.1,370.5,60.6,4149.3,317.8,0.145444539,,
242900751,3448.2,958.9,372.6,94.9,4983,108.4,0.122457104,,
242900769,4600.5,372,448.4,47.4,5554.5,86.2,0.149343823,,
242900793,959.2,26.9,106.5,17.3,1114.8,4.9,0.05476249,,
242900801,5959.8,985.3,648.7,59.2,7892.1,239.1,0.210575045,,
242900835,9839.3,1374.7,1155.7,217.4,12889.1,302,0.187725479,,
243000270,20434,3374.8,1932.2,0,25780.9,39.9,0.670668512,,
243000296,3904.6,1898.9,2963.8,0,8842.1,74.8,0.454368403,,
243000569,365.1,534.7,972.9,0,1894,21.3,0.232658125,,
243000585,985.3,226.5,339.9,4.4,1565,8.9,0.076113864,,
243000593,536.7,164.2,487.4,7.3,1195.6,0,0.058341303,,
243000643,16017.8,3042.1,4272.4,2.1,23414.1,79.7,0.295328298,,
243000650,111.2,618.9,50.7,0,780.8,0,0.038239457,,
243000684,9159.8,422.1,742.3,2,10339.2,13,0.404370986,,
243100518,2988.2,51.7,81.7,108.1,3279.3,49.6,0.071993414,,
243100567,5315.7,3072.1,964.1,28.6,9596.4,215.9,0.271310071,,
243100567,5315.7,3072.1,964.1,28.6,9596.4,215.9,0.271310071,,
243100567,5315.7,3072.1,964.1,28.6,9596.4,215.9,0.271310071,,
243100633,2124.7,94.3,14.9,16,2261.5,11.6,0.090369269,,
243100732,2229.3,39.2,36.7,12.4,2348.6,31,0.111717866,,
243100773,2717.4,81.9,120,25.2,2989.5,45,0.203201468,,
243100781,1500.3,50.9,128.8,13.4,1764.8,71.4,0.176529428,,
243100815,750,0,7.2,17.6,788,13.2,0.163529583,,
243200391,4966.7,78.1,191.2,271.4,5607.9,100.5,0.081663055,,
243200409,6076,145.4,161.5,591.2,7548.3,574.2,0.237657149,,
243200417,5104.7,227.8,148.3,431.8,6034.6,122,0.120744645,,
243200425,6208.1,276.2,110.8,58.9,6684.4,30.4,0.230615836,,
243200458,10106.6,638.3,500.5,1257.6,13877.1,1374.1,0.258847998,,
243200508,4408.2,147,55.3,326.6,5012.1,75,0.167169187,,
243200599,2557.2,24.7,45.1,51.4,2736.7,58.3,0.083430634,,
243200607,5103,345.7,157.3,107.7,5779.6,65.9,0.152536692,,
243300316,7180.7,4704.4,2518.2,66.7,17179.6,2709.6,0.29813324,,
243300563,851.1,12173.8,2814,0,20108.9,4270,0.626316707,,
243300811,2848.7,627.2,1130.5,188,5480,685.6,0.180763826,,
243301165,1635,6453.1,1184.7,1,15279.1,6005.3,0.657762529,,
243301181,4562.3,1589.1,1981,199,10077.5,1746.1,0.486993375,,
243301215,3648.9,14.7,436,78.2,4198.5,20.7,0.345487311,,
243301223,2425,9.6,169,117.4,2781.1,60.1,0.17814774,,
243301249,1171.1,34.1,72.4,37.7,1339.8,24.5,0.161544305,,
243301264,4380.9,10147.6,2627.3,116.7,22185,4912.5,0.670379413,,
243301355,1669.3,8.8,284.2,18.4,1991.2,10.5,0.291819328,,
243301371,3481.4,47.6,476.3,230.2,4259.1,23.6,0.191189079,,
243301371,3481.4,47.6,476.3,230.2,4259.1,23.6,0.191189079,,
243301389,3974.8,31953.4,3898.1,78.2,54067.3,14162.8,0.847659765,,
243301397,1965.4,6.4,79.6,349.4,2421.7,20.9,0.181148363,,
243301405,2812.6,24776.7,2703.8,5.5,44309.7,14011.1,0.810416789,,
243301439,2019.3,0,101.4,121.7,2243.4,1,0.256552765,,
243301447,2694,1076.6,1391.8,81.1,6108.8,865.3,0.331166684,,
243301454,3488.9,124.5,233.6,199.4,4062.3,15.9,0.177514715,,
243301454,3488.9,124.5,233.6,199.4,4062.3,15.9,0.177514715,,
243301504,2476.5,26194.2,3363.2,2.6,46579.1,14542.6,0.779606975,,
243400017,4910.7,2660.5,2142.1,35.5,9879.9,131.1,0.225055182,,
243400355,8095.1,569.1,892.4,0,9586.3,29.7,0.404394798,,
243400470,484,133.7,80.9,0,698.6,0,0.045769019,,
243400488,835,946,233.5,26.2,2053.9,13.2,0.118984585,,
243400520,1221.9,561.7,512.8,0,2316.3,19.9,0.14627631,,
243400694,19471,2206.6,2534.7,7.5,24351.2,131.4,0.504789564,,
243400736,18779.9,760,883,0,20431.7,8.8,0.843873648,,
243400736,18779.9,760,883,0,20431.7,8.8,0.843873648,,
243400769,1401.5,456.8,674.1,0,2536.2,3.8,0.08302208,,
243400819,2104.4,1823.5,766,52.4,4841.3,95,0.124885209,,
243500139,3651,250.2,253.5,282.2,4615.2,178.3,0.064935321,,
243500550,1368.9,399,250.4,76.5,2130.8,36,0.10842552,,
243500618,5299.7,3593.4,1922,52.4,11148.5,281,0.373805923,,
243500634,2018.1,306.9,60.8,58.3,2506,61.9,0.066982065,,
243500659,328.6,6.8,7.3,43,393.6,7.9,0.030151447,,
243500667,1992.9,360,229.7,98.2,2740,59.2,0.091420793,,
243500725,1483.3,20.7,19.5,61.1,1596.3,11.7,0.138741135,,
243500725,1483.3,20.7,19.5,61.1,1596.3,11.7,0.138741135,,
243500733,5387.3,1211.6,399.6,303.3,7488.4,186.6,0.168343719,,
243500741,8251,3950.4,3465.5,266.7,16214.2,280.6,0.162954655,,
243500741,8251,3950.4,3465.5,266.7,16214.2,280.6,0.162954655,,
243500741,8251,3950.4,3465.5,266.7,16214.2,280.6,0.162954655,,
243500774,4456.4,2173.1,442.4,58.1,7664.5,534.5,0.302083785,,
243500782,2177.6,75.9,78,207.1,2559,20.4,0.104719541,,
243600202,3429.5,254.5,602.7,496.5,4791.8,8.6,0.191946099,,
243600236,4190.3,194.6,157.2,562.2,5134.8,30.5,0.163511478,,
243600236,4190.3,194.6,157.2,562.2,5134.8,30.5,0.163511478,,
243600293,4635.2,112.8,87.5,122.3,4986.6,28.8,0.145063883,,
243600301,11359.1,2383.6,1277.6,720.3,15885.1,144.5,0.324376368,,
243600319,18955.4,461.5,931.9,48,20559.8,163,0.244324684,,
243600327,12920.4,313.4,234.2,176.9,13815.1,170.2,0.254566126,,
243600343,9772.5,963,1304.8,133.2,12299.3,125.8,0.257641711,,
243600350,7134.9,102.3,163.6,110.5,7612.7,101.4,0.117711001,,
243700499,8454.6,236.1,158.4,89.5,8978,39.4,0.254635801,,
243700754,7018.6,421.4,270.7,246.5,8029.7,72.5,0.206280619,,
243700820,6673.5,713.9,648.5,225.4,8472.7,211.4,0.257543749,,
243800455,7387.1,104.7,17.5,421.2,7930.5,0,0.288188994,,
243800455,7387.1,104.7,17.5,421.2,7930.5,0,0.288188994,,
243800604,4857.3,8.2,22,125.6,5013.1,0,0.201492777,,
243800745,10593.1,5907.3,5381.7,0,21882.1,0,0.262458065,,
243800778,4204,3.2,0,399.8,4607,0,0.216529974,,
243800844,5510.7,57.6,14.8,60,5643.1,0,0.284664316,,
243800935,1081.8,0,4.7,33.5,1120,0,0.18109205,,
243800984,10393.5,638.9,1749.5,82.9,12864.8,0,0.344100977,,
243801024,1282.2,13088.7,3140.5,0,17511.4,0,0.685782987,,
243801073,4127.3,128,60.3,8.5,4324.1,0,0.278352838,,
243801255,2829.4,2.1,4.9,35.2,2871.6,0,0.209517139,,
243900354,212.5,3824.8,2109.4,0,6148.6,1.9,0.622617818,,
243900412,7331.8,2067.7,4474.2,2.2,13923.5,47.6,0.758306874,,
243900420,13968.4,868.1,1013.3,54.7,16057.6,153.1,0.587359996,,
243900479,1976.5,4535.2,4679.8,0,11200,8.5,0.75562842,,
243900560,11483.2,588.8,476.8,90.7,12904.6,265.1,0.489296195,,
243900610,885,5998.2,2906.8,0,9790,0,0.613573833,,
243900719,7788.5,2701.5,5187.3,2.1,15717.4,38,0.552868922,,
243901071,9170.2,2114.4,1828.6,3.9,13152.5,35.4,0.534719681,,
243901089,4618.8,337.5,140.4,193.1,5437.6,147.8,0.258047371,,
244000543,1502.1,20237.1,842.2,8.6,29905.6,7315.6,0.827859595,,
244000659,5683.3,1068.3,617.6,315.6,7844,159.2,0.517557635,,
244000675,4736.7,10850.3,698.9,816.4,20105,3002.7,0.582119198,,
244000691,2511.4,21117.1,1145.8,4.7,43379.2,18600.2,0.833442847,,
244000766,4189,23688.4,1276.1,543,41523,11826.5,0.692025779,,
244000774,3982,1554.8,1328.9,283.3,9134.7,1985.7,0.425289122,,
244000808,5206.9,15880.9,2513.2,118.9,33773.9,10054,0.701257633,,
244000824,2682.6,262.9,615.1,42.1,4897.7,1295,0.295333944,,
244000857,2177.9,38877,1271.5,7.4,54389,12055.2,0.890162209,,
244000865,6427.9,23834.2,3817.9,213.9,39424.3,5130.4,0.643911195,,
244000873,2038.8,25103.9,1263.9,0,44779.6,16373,0.623003186,,
244000881,4017.1,419.2,202.3,202.1,5081.9,241.2,0.270277889,,
244100293,3106.1,89.2,64,109.4,3375.4,6.7,0.11414137,,
244100780,26031.6,3535.9,2648.1,93.2,32809.7,500.9,0.628733438,,
244100798,21778.7,2990.3,2086.6,234.1,27772.3,682.6,0.595845518,,
244100806,25432.8,10221.9,4503.9,117.1,41289.9,1014.2,0.743747748,,
244200614,2283.8,380.5,1555.7,8.7,4232,3.3,0.214804889,,
244200622,2063.3,12413.8,2605,0,17088,5.9,0.55588086,,
244200630,2956.5,593.4,685.8,5.6,4250.1,8.8,0.169228258,,
244200770,9470.9,5610.6,6158.9,4.6,21364.4,119.4,0.295389908,,
244200820,1972.2,8443.2,1890.3,3.8,12318.2,8.7,0.476443172,,
244200895,2739.1,1068.8,1852.3,18.5,5686.4,7.7,0.393544279,,
244300307,165.4,11471.5,410.7,0,12155.3,107.7,0.572323846,,
244301016,1347.8,6430.8,4555.5,0,12379.9,45.8,0.437009111,,
244301032,8817.4,2142.7,3855.6,13.5,14935.4,106.2,0.38989918,,
244301099,1476.8,6761.1,1216.5,1.8,9472.2,16,0.548391392,,
244301107,232.1,8103.3,959.3,0,9340.1,45.4,0.464014427,,
244301123,1944.4,5993.1,2365.7,0,10326.9,23.7,0.302278748,,
244301131,863.7,2560.4,1671.7,0,5161.2,65.4,0.445695633,,
244400404,6512.2,97.7,176.5,152.3,6998.6,59.9,0.131262965,,
244400438,3668.9,155.1,64.6,127.8,4060.4,44,0.135116968,,
244400453,3728.8,1673.1,345.9,26.5,5997.5,223.2,0.279957429,,
244400503,4792.8,253.1,123.4,67.5,5322,85.2,0.104460679,,
244400537,2062.3,432,174.9,35,2847.5,143.3,0.103274687,,
244400552,4795.176895,1066.190388,469.0072127,322.427063,6988.750291,335.9487317,0.087384411,,
244400552,4795.176895,1066.190388,469.0072127,322.427063,6988.750291,335.9487317,0.087384411,,
244400586,771.9,121.7,101,14.5,1042.5,33.4,0.046731905,,
244400610,3859.9,866.3,1591.7,24.3,6384.1,41.9,0.162785776,,
244400610,3859.9,866.3,1591.7,24.3,6384.1,41.9,0.162785776,,
244400644,2032.5,54,47.4,5.7,2150.3,10.7,0.064358273,,
244500203,5188.4,477.1,563.1,165,6537.6,144,0.28200339,,
244500211,13852.5,1416.5,728.8,83.4,16355.5,274.3,0.451123983,,
244500419,4645.2,121.6,104.8,124.7,5061.7,65.4,0.176563334,,
244500427,17101.6,6166.5,3427.1,63.9,27508.1,749,0.498686574,,
244500468,7859,841.3,720.1,18,9647.1,208.7,0.287595397,,
244500484,4938.2,853.5,961.3,2,6968.7,213.7,0.335451355,,
244500542,260.3,24.7,55.5,0,341.2,0.7,0.013685773,,
244600433,17089.3,1127.5,732.5,80.6,19148.7,118.8,0.518802798,,
244600482,14495.8,423.1,575.2,32.7,15741.8,215,0.510580191,,
244600532,25604.9,89.5,234.5,29.3,26095.8,137.6,0.586946107,,
244600573,15185.3,93.1,96,11.9,15597.2,210.9,0.463555335,,
244700449,3091,134.9,543.2,208.5,4035.4,57.8,0.177657443,,
244700464,2778.7,167,194,217.7,3406,48.6,0.13951526,,
244701355,9286.1,30615.3,2111,1162.8,51828,8652.8,0.741852972,,
244701405,3170.4,390.5,128.3,324.6,4073.9,60.1,0.158764614,,
244800405,1852.9,9019.4,2136.2,0,13393.8,385.3,0.627611769,,
244800470,3698.1,3117,3322.5,0,10234.9,97.3,0.388705959,,
244900015,5225.4,820.9,338.8,1193.7,7916.3,337.5,0.140906567,,
244900809,4251.323105,821.2096118,226.6927873,187.772937,5727.949709,240.9512683,0.079480326,,
244900882,9473.2,5325,2619.9,2257.6,20700.2,1024.5,0.280443774,,
245100615,6454.3,252.7,690.7,233.5,7788.5,157.3,0.448889376,,
245100888,5352.6,5.3,24,69.3,5978.7,527.5,0.213494501,,
245100979,906.9,109,264.6,350.3,1817.5,186.7,0.057078701,,
245200597,28564.6,3367.1,3744.4,28.3,37122.4,1418,0.534427457,,
245300223,1968.5,89.4,50.4,190.9,2453.8,154.6,0.057697643,,
245300306,1956.8,426.8,59.4,88.5,2751.2,219.7,0.107315741,,
245300330,2997.2,78.4,103.1,143.8,3431.9,109.4,0.078297929,,
245300355,2922.5,116.6,145.9,127.7,3357.5,44.8,0.069243794,,
245300389,1782.1,19.9,71.1,83.3,1982.3,25.9,0.037411981,,
245300447,2188.6,345.6,63.4,179.6,2920.6,143.4,0.064277304,,
245400171,9530.2,97,315.9,5.5,9959.3,10.7,0.525249063,,
245400189,2664.8,59.4,99.7,27,2872.5,21.6,0.207609081,,
245400262,5494.6,268.2,166.9,15.5,5961.6,16.4,0.342317719,,
245400510,15542.3,487.1,1984.6,10.7,18058.7,34,0.481457487,,
245400510,15542.3,487.1,1984.6,10.7,18058.7,34,0.481457487,,
245400601,8526.3,194,560,6.4,9329.2,42.5,0.597619566,,
245400676,3553.2,108.1,125.2,3.1,3798.3,8.7,0.26716231,,
245400759,5858.2,61.4,239.1,13.5,6213.4,41.2,0.249499066,,
245500327,10538.1,696.4,1162.5,20.8,12575.3,157.5,0.50725877,,
245501176,6841.5,428,645.9,18.3,7961.8,28.1,0.308690224,,
245501184,5041.2,35,107.6,312.7,5714.6,218.1,0.309885581,,
245501242,5362.9,236.5,220.9,38.7,5927.2,68.2,0.246075668,,
245501259,6775.2,604.8,547.2,45.1,8155.3,183,0.333581482,,
245600440,1618.2,783.1,899.9,20.4,3359.5,37.9,0.275292132,,
245600465,214.4,147.4,61.2,0,423,0,0.048986682,,
245614383,3436.2,1787.9,2096.4,17.4,7448.6,110.7,0.22693026,,
245614417,11914.6,2235.7,3672.7,155.3,18580.1,601.8,0.241182228,,
245614433,6145.2,1377.1,2210.2,175.8,10179.3,271,0.141123967,,
245614433,6145.2,1377.1,2210.2,175.8,10179.3,271,0.141123967,,
245700133,5637.1,502.3,453,11.9,6631,26.7,0.254435645,,
245700372,3978.4,140.5,264.5,0.5,4394.9,11,0.315879884,,
245700398,1702.9,46.1,88.7,0,1840.1,2.4,0.247581502,,
245700695,4734,244.5,149.5,18.4,5340.3,193.9,0.284037359,,
245700950,2241.4,4738.4,2156.2,0,9414.3,278.3,0.518237367,,
245701164,1290.3,605.6,561.7,0,2498.1,40.5,0.525572784,,
245701206,19545.1,315.4,465.8,34,20630.7,270.4,0.210130963,,
245701222,3846.9,216.3,108.3,13.7,4202.3,17.1,0.485113997,,
245701271,4542.3,217.2,58.6,2,4889.5,69.4,0.490618102,,
245701354,6712.1,525.9,434.4,35.1,7850.2,142.7,0.34984625,,
245701362,4668.5,212.4,155.2,32.2,5122.4,54.1,0.326462978,,
245701404,2453.7,193.9,98.9,1.9,2773.5,25.1,0.380593636,,
245701404,2453.7,193.9,98.9,1.9,2773.5,25.1,0.380593636,,
245801063,3932.3,26.9,20.2,86.1,4065.5,0,0.223244193,,
245804406,4659.6,94.5,130.5,83.5,4968.1,0,0.200756458,,
245804497,7479.2,624.8,452.8,252.3,8809.1,0,0.301106105,,
245900410,2968.8,8.1,13.1,454.8,3523.9,79.1,0.054084376,,
245900428,1905,0,24.4,176.4,2202.7,96.9,0.07288568,,
245900758,181.4,0,0,82.7,266.7,2.6,0.020895195,,
245900758,181.4,0,0,82.7,266.7,2.6,0.020895195,,
245901038,161.5,0,2.7,68.7,243.8,10.9,0.02072812,,
245901061,130.3,0,0,22.2,158.5,6,0.065476928,,
245901152,1589.1,35.4,23.9,855,2607.8,104.4,0.181298665,,
245901160,2544.5,32.7,25.9,1329.2,4013.6,81.3,0.153806653,,
246000129,1960,21.5,41.9,171.1,2199.7,5.2,0.450591995,,
246000376,3245.5,66.9,109.6,342.4,3775.8,11.4,0.240392696,,
246000566,3005.8,18.5,5.9,476.8,3531.9,24.9,0.082355931,,
246000582,3896.2,79.4,80.6,38.1,4115.5,21.2,0.194307918,,
246000707,5309.1,113,130.5,203.9,5789.6,33.1,0.180358,,
246000749,7839.4,219.3,189.1,558.3,8903.2,97.1,0.421128313,,
246000756,5814.5,102.1,219.2,1294.1,7555.1,125.2,0.281926704,,
246000764,7609.5,399.5,246.3,101.1,8651.3,294.9,0.576422851,,
246000772,4321.4,157,115.6,548.4,5211.4,69,0.455454371,,
246000848,6585.2,60.5,66.6,111.4,6886,62.3,0.109146184,,
246000855,5793.1,116.4,72.2,1192.7,7210.3,35.9,0.204436165,,
246000871,11884.3,584.1,213.2,1300.6,14132.7,150.5,0.236257711,,
246000897,1927.8,29.9,37.8,201.3,2210.8,14,0.13237927,,
246000913,5129.3,118.1,59.1,66.7,5519.1,145.9,0.223558481,,
246000921,4402.5,99,170.1,224.7,5075,178.7,0.368774434,,
246100390,2446.3,191.7,113.7,75.8,2902.3,74.8,0.113383938,,
246100663,7183.3,1960.2,683.6,301.1,10806.1,677.9,0.233220314,,
246100663,7183.3,1960.2,683.6,301.1,10806.1,677.9,0.233220314,,
246200299,894.9,0,0.5,73.9,999.1,29.8,0.088839687,,
246200364,2463.1,3.8,13.3,91.4,2608.3,36.7,0.10842482,,
246200380,1480.2,0,64.6,14.9,1652.2,92.5,0.089332735,,
246200729,4646.9,977.6,391.1,43.8,6214.5,155.1,0.301326623,,
246200844,815.4,0,7.2,19.9,852.2,9.7,0.038464663,,
246201016,4267.3,48.3,131.4,44.3,4672,180.7,0.171495483,,
246201149,449,0.7,1,0,450.7,0,0.031493037,,
246300701,5350.9,2101.4,948.7,13.9,8414.9,0,0.278205183,,
246300966,10469.6,4740.8,3305.4,0,18515.8,0,0.305879438,,
246300966,10469.6,4740.8,3305.4,0,18515.8,0,0.305879438,,
246301097,4215,173.2,687.7,190.7,5269,2.4,0.229389152,,
246400337,17253.4,1835.5,6888,4.8,26006.3,24.6,0.419113725,,
246401756,12891,141.7,125,32.2,13237.7,47.8,0.408694605,,
246401756,12891,141.7,125,32.2,13237.7,47.8,0.408694605,,
246500482,10752.3,3196.3,1504.7,2,15466.5,11.2,0.398203431,,
246500573,9344.2,14654.4,3428.1,0,27431.4,4.7,0.392106805,,
246600282,90.1,12.5,2.1,0,109.1,4.4,0.026464524,,
246600373,13619.8,416.7,31.8,3.3,14097,25.4,0.76427216,,
246600399,4151.8,11163.1,411,0,15727.7,1.8,0.355316635,,
246600415,10949.6,238.5,65.9,0,11280.2,26.2,0.478530158,,
246600423,16297.7,1295,1513.8,1.4,19282.2,174.3,0.594881762,,
246600449,8850.2,628.1,210.4,0.8,9772.7,83.2,0.419002988,,
246600464,1625.4,19501.8,674.1,0,21831.8,30.5,0.612631573,,
246600548,29111.2,5164.3,1827.8,0,36256.1,152.8,0.822148701,,
246700306,2641.9,13438.4,7948.1,2.2,25494.6,1464,0.83882579,,
246700488,4967.1,9.2,54,196,5289.4,63.1,0.155702019,,
246700744,2384.7,3964.2,2457.6,0,9125.4,318.9,0.674795906,,
246700777,2855.1,2989.7,2838,1.7,8830,145.5,0.755592066,,
246700843,395.7,364.5,470.2,296,1916.4,390,0.237690075,,
246700926,2293.1,828.9,1466,14.9,4619,16.1,0.352829742,,
246700959,579,0,10.1,15.4,604.5,0,0.049472134,,
246700967,3228.7,1042.2,1535.5,170.3,6055.1,78.4,0.355966679,,
246701064,3159.9,1686.9,1493.3,5.1,6409.8,64.6,0.396916218,,
246701080,773.5,20.5,94.3,35.3,932.2,8.6,0.136656161,,
246701098,5536,3015.5,2317.3,13,11065.3,183.5,0.600572061,,
246800205,3219.2,3789.6,6036.2,0,13152.6,107.6,0.785211099,,
246800395,1816,3165.8,2924.1,0,8160.2,254.3,0.788768063,,
246800445,3016.1,70.9,212.8,0.2,3365.7,65.7,0.245504876,,
246800494,1875.3,1261,1735.5,0,4900.9,29.1,0.42440486,,
246800551,1957.2,6290.6,2787.4,0,11336,300.8,0.627988012,,
246800569,3559.1,3937.3,4313.9,11.1,12093.1,271.7,0.64615771,,
246800577,1882.7,3238.8,2201,140.7,7610.9,147.7,0.457542548,,
246800585,3072.7,6643.4,4347.9,0,14279.4,215.4,0.730348055,,
246800676,3606.3,2661.7,4343.8,10.4,10896.4,274.2,0.679614799,,
246800726,4327.9,1099.6,1019.4,29.7,6487.9,11.3,0.26750035,,
246900575,906.5,0,6.2,0,914.8,2.1,0.064372669,,
246900625,3942.9,432.5,131.1,0,4507.8,1.3,0.244497478,,
246900633,3723.8,131.6,229.1,18.9,4132,28.6,0.319073359,,
246900724,2814.6,171.9,75.1,0,3061.6,0,0.286956848,,
246900740,2503.3,19.1,43,0,2570.6,5.2,0.162528531,,
246900757,786.4,5.9,46.8,5.3,844.4,0,0.172210552,,
246900765,1211.4,6.9,17.2,117.2,1356.2,3.5,0.1778483,,
247000011,4328.9,176.8,234.8,6.1,4888.2,141.6,0.336187509,,
247000367,11009.3,1089.4,674.6,62,13214,378.7,0.463680035,,
247000623,16959.8,1235.9,1658,135.6,20524.4,535.1,0.364692148,,
247000664,8542.7,428.6,400.3,11.3,9859.8,476.9,0.482980235,,
247000698,8166,818.4,783.2,55.7,10415.7,592.4,0.432355359,,
247000706,12515.5,774.1,630.6,42.6,14246,283.2,0.486372622,,
247000714,7957.4,433.5,354.5,23.2,9082.2,313.6,0.439997093,,
247000714,7957.4,433.5,354.5,23.2,9082.2,313.6,0.439997093,,
247000722,8129,503.4,453.4,2.3,9341.1,253,0.570731171,,
247000722,8129,503.4,453.4,2.3,9341.1,253,0.570731171,,
247000755,6693.979781,654.6973772,582.6423129,6.5,8263.760304,325.9408326,0.52443979,,
247000821,8419.8,1001.9,1912.4,0,11544.1,210,0.75399889,,
247000854,11317,6527.9,7164.9,0.9,25525.9,515.2,0.731168597,,
247100290,12830,1864.4,822,31.7,15707.6,159.5,0.211603461,,
247100589,14788.1,506,282.5,314.7,16255.7,364.4,0.293626652,,
247100639,1844.8,70.4,72.2,18.9,2008.5,2.2,0.089492187,,
247100647,4670.9,32.8,49.1,427.5,5320.3,140,0.218552051,,
247103765,7767.7,109.7,99.8,87.8,8240.6,175.6,0.319953719,,
247103864,2581.7,169.8,239.6,4.8,3027.9,32,0.153713772,,
247104094,7222.6,270.4,223.7,52.9,7841.7,72.1,0.249018749,,
247200090,4330.6,1049.9,141.2,257.6,6008.1,228.8,0.163511075,,
247200090,4330.6,1049.9,141.2,257.6,6008.1,228.8,0.163511075,,
247200132,1999.5,1543.2,466.7,180.7,4295.4,105.3,0.160316198,,
247200348,4789,2711.8,544.1,683,9109.6,381.7,0.291849949,,
247200421,2343.6,4395.8,929.5,169.6,8079.8,241.3,0.454511191,,
247200447,1478.1,2036.5,326,216.8,4299.4,242,0.287329667,,
247200629,2460.7,2428.8,721.3,401.5,6333.8,321.5,0.249421123,,
247200686,5274.6,564.6,189.1,374.1,6628.6,226.2,0.14096416,,
247300015,2906.5,4421.9,2159,0,9488.4,1,0.51681709,,
247300254,2332.3,6597.2,1324.6,10.1,10265.8,1.6,0.168157277,,
247300262,4939.9,507.5,615.4,72.9,6140.3,4.6,0.486052402,,
247300361,6587.3,3295.7,2717.1,5.6,12605.7,0,0.459351223,,
247300452,2829.9,3553.3,586.7,0,6975,5.1,0.213989876,,
247300528,2126.7,99.9,14.3,81.9,2322.8,0,0.264345055,,
247300668,2381.6,736.4,565.8,10.1,3693.9,0,0.428864998,,
247300676,6826,3040.4,1844.3,84.9,11795.6,0,0.683783079,,
247300817,1845.5,5960.4,979.9,0,8785.8,0,0.323781095,,
247400047,544,1379.1,2417.2,0,4340.3,0,0.549453749,,
247400112,2243.9,502.9,1586.7,0,4333.5,0,0.371101444,,
247400567,1958.7,25.3,219.7,0,2203.7,0,0.326217933,,
247400583,1993.1,161.8,1119.7,0,3274.6,0,0.330757654,,
247400617,2756.12338,9560.073616,7219.42558,0,19535.62258,0,0.533039182,,
247400666,2420.2,2061.2,2569.4,0,7050.8,0,0.52289346,,
247400682,2913,9630,6369.9,0,18912.9,0,0.612783867,,
247400690,3868.3,262.1,544.5,0.6,4675.5,0,0.309877918,,
247400724,829.7,889.6,1059.2,12.4,2790.9,0,0.29739464,,
247400740,5000.7,73.8,280,7.7,5362.2,0,0.313626633,,
247400773,2891.9,2787.4,4538.4,1.3,10219,0,0.670384098,,
247600497,961.6,8.3,4.6,0,983.9,9.4,0.072069498,,
247600505,546.4,27.4,6.7,3.6,607.5,23.4,0.042647141,,
247600539,1470.6,0,3,24.1,1510.5,12.8,0.085631679,,
247600588,2945.1,217.3,42.7,24.8,3416.4,186.5,0.162816743,,
247600588,2945.1,217.3,42.7,24.8,3416.4,186.5,0.162816743,,
247600596,1341,2,0,5,1357.1,9.1,0.068129904,,
247600604,2147.5,233.2,113.8,10.1,2683.4,178.8,0.137294128,,
247600620,1399.9,68.9,35.1,6,1552.7,42.8,0.091731358,,
247600646,1098.9,26.2,2.9,3.1,1165.9,34.8,0.131474193,,
247600729,4637,221,18.6,50.6,5105.7,178.5,0.154558471,,
247600786,1992.3,102.6,63.2,10.1,2221.9,53.7,0.170718402,,
247700024,4901.6,62.5,50.9,102.2,5517.2,400,0.263651612,,
247700032,6466.6,352.7,662,151.7,7673.9,40.9,0.335782233,,
247700057,3953.6,41.9,35.3,14.1,4065.6,20.7,0.263898896,,
247700065,4189.5,11.6,44.7,1000.1,5296.4,50.5,0.225264653,,
247700107,6784.2,93.5,64.4,191.8,7188.9,55,0.263509204,,
247700339,265.6,0,0,13.6,286.4,7.2,0.089536374,,
247700438,2500.5,0,0,25.9,2686.7,160.3,0.204316448,,
247700594,2399.1,0,0,4.4,2480.3,76.8,0.276076624,,
247700644,777.8,0,3.9,20.9,808.9,6.3,0.162766364,,
247700644,777.8,0,3.9,20.9,808.9,6.3,0.162766364,,
247700701,5484.6,2.5,7.3,32.1,5659.5,133,0.192584501,,
247800550,4922.7,302.1,332.5,48.8,5642.1,36,0.19294178,,
247800550,4922.7,302.1,332.5,48.8,5642.1,36,0.19294178,,
247800584,3106.4,7.8,10.6,0,3211.8,87,0.258056741,,
247800584,3106.4,7.8,10.6,0,3211.8,87,0.258056741,,
247800618,4724.1,337.5,159.7,35.5,5349.5,92.7,0.233074386,,
247900798,6027.4,231.6,270.6,644.2,7206.9,33.1,0.115834528,,
248000499,1821.5,32,23.4,329.7,2368,161.4,0.099056702,,
248000531,4002.9,40.1,215.2,157.5,4529.2,113.5,0.144399314,,
248000747,2960.6,17.3,37.2,316,3452.2,121.1,0.073842271,,
248100158,5224.8,1643.2,818.6,28.8,7829.4,114,0.209306429,,
248100430,9777.3,6495.8,2086.6,39.3,18758.7,359.7,0.459135121,,
248100497,7533.4,328.3,311.3,8.5,8245.4,63.9,0.318299909,,
248100737,2361,51,125.7,13.2,2558.8,7.9,0.120866871,,
248100745,4944.9,4938.3,1169.6,7.8,11331.5,270.9,0.712063895,,
248200016,5067,151.4,102.4,721,6272.8,231,0.182517029,,
248200016,5067,151.4,102.4,721,6272.8,231,0.182517029,,
248200016,5067,151.4,102.4,721,6272.8,231,0.182517029,,
248200057,8197.3,161.5,98.7,70,8571.8,44.3,0.217917331,,
248200065,4450.2,47.9,53.6,40.3,4648.2,56.2,0.122264425,,
248200099,2738,80,118.6,160.2,3131.3,34.5,0.125416547,,
248200107,20855.4,111.5,128.2,36,21353.9,222.8,0.459816968,,
248200107,20855.4,111.5,128.2,36,21353.9,222.8,0.459816968,,
248300394,7563.1,8934.8,6938,0,24403.4,967.5,0.680944036,,
248300410,2427.4,1260.2,1857.4,0,5631.4,86.4,0.671307831,,
248300493,17581.3,18233.4,27414.5,0,65649.7,2420.5,0.711740906,,
248300543,5068.3,4999.6,5371.2,0,15647.4,208.3,0.421060279,,
248300550,14212.9,4828.1,11026.1,0,30428.2,361.1,0.674847524,,
248400053,11406.1,6387.1,5927,2.7,23769.6,46.7,0.464543061,,
248400160,1470,600.3,712.2,38.7,2821.9,0.7,0.196347064,,
248400236,1223,65,194.2,167.9,1650.1,0,0.087446608,,
248400251,4707.1,468.4,699.2,2.7,5886.1,8.7,0.19176837,,
248400251,4707.1,468.4,699.2,2.7,5886.1,8.7,0.19176837,,
248400285,6224.6,5767.3,5972.5,70.1,18569.5,535,0.511940076,,
248400293,648.7,415.2,291.7,11.3,1371.5,4.6,0.088171573,,
248400319,1090.4,763.1,948.3,6.2,2808.8,0.8,0.230749641,,
248400335,3952.8,4700.2,4170.3,0.6,12828.8,4.9,0.46489413,,
248400335,3952.8,4700.2,4170.3,0.6,12828.8,4.9,0.46489413,,
248500191,57,190.1,85.1,0,342.1,9.9,0.069084594,,
248500258,244.8,1516.9,326.3,54.7,2142.7,0,0.115455907,,
248500340,2659.1,200.5,172.4,77.1,3163.5,54.4,0.099047255,,
248500415,1246.2,12.3,44.7,121.6,1440.1,15.3,0.045242628,,
248500464,1867.9,60.1,26.8,45.5,2020.7,20.4,0.062982137,,
248500530,1308.1,148.2,95.4,146.3,1737.9,39.9,0.076743724,,
248500563,1333.6,128.9,31.4,409.2,1966.6,63.5,0.065446655,,
248500589,2830.3,373,375.7,142.4,3792.1,70.7,0.075624202,,
248500621,1643.3,180.1,86.3,60.4,2006.7,36.6,0.080267037,,
248500662,1071.7,40.6,50.8,12.5,1185.3,9.7,0.051885347,,
248600413,15586.5,5802.3,6821.6,1181.6,30085.1,693.1,0.26493531,,
248600447,11100.5,950.4,1901.5,1563.2,15626,110.4,0.183334252,,
248700189,8147.5,369.8,563.5,0.9,9694.4,612.7,0.286853061,,
248719262,5865.2,315.2,331.7,0.6,6799.1,286.4,0.27619419,,
248719288,2946.7,85.7,89.8,22.5,3259.2,114.5,0.207456255,,
248719312,10836.8,599.5,588.8,9.7,12819.1,784.3,0.245012443,,
248719338,6249.5,490.9,592.9,0.9,7795.2,461,0.335144803,,
248719353,10742.5,5370.6,1790.3,2.6,20521.4,2615.4,0.551754362,,
248719361,7052.5,1183.4,513.1,0,9524.6,775.6,0.294315229,,
248900334,10571.9,328.7,492,88.1,11623.6,142.9,0.309719846,,
248900383,531.4,0,1,239.3,790.6,18.9,0.122931957,,
248900524,6638.4,352.1,430.8,382.5,7854.9,51.1,0.295345847,,
248900664,10083,539.4,942.5,95.8,12077.1,416.4,0.299854754,,
248900748,8638.8,82.6,162.9,61.3,9050.3,104.7,0.224231012,,
248900896,5557.3,484.1,858.3,232.4,7230.9,98.8,0.194957091,,
248900938,10371.2,2446.1,1271.3,539.8,15086.7,458.3,0.426672134,,
249000241,5932.7,343.8,511,21.7,6922.6,113.4,0.400351622,,
249100074,2875.8,95.3,33.1,38.7,3120.9,78,0.261502367,,
249100157,5121.4,1057.3,838.9,36.1,7075.3,21.6,0.374685569,,
249100546,5039.5,150.3,349.8,58.6,5623.9,25.7,0.290045746,,
249100553,3751.8,142.2,131.5,22.2,4059.9,12.2,0.335931488,,
249100595,4757.1,113.5,128.8,8,5134.1,126.7,0.355990847,,
249500109,1429.2,1.7,2.1,4.3,1439.7,2.4,0.165382009,,
249500109,1429.2,1.7,2.1,4.3,1439.7,2.4,0.165382009,,
249500430,2193.4,33.9,118.7,55,2447.3,46.3,0.203448305,,
249500455,3483.1,28.5,19.2,7.3,3677.8,139.7,0.488173299,,
249500489,1200.8,8.1,11.7,0.6,1221.2,0,0.249127889,,
249500513,4828,21.3,27.8,212.4,5130,40.5,0.254096249,,
,,,,,,,,,